NC_001857.2	0	1000	238
NC_001857.2	1000	49000	0
NC_001857.2	49000	50000	14
NC_001857.2	50000	1522000	0
NC_000956.1	0	9000	0
NC_000956.1	9000	10000	4
NC_000956.1	10000	18000	0
NC_000956.1	18000	19000	35
NC_000956.1	19000	30000	0
NC_000956.1	30000	31000	25
NC_000956.1	31000	32000	513
NC_000956.1	32000	33000	141
NC_000956.1	33000	1522000	0
NC_000954.1	0	3000	0
NC_000954.1	3000	4000	49
NC_000954.1	4000	5000	0
NC_000954.1	5000	6000	5
NC_000954.1	6000	7000	196
NC_000954.1	7000	10000	0
NC_000954.1	10000	11000	109
NC_000954.1	11000	18000	0
NC_000954.1	18000	19000	103
NC_000954.1	19000	1522000	0
NC_001856.1	0	1000	250
NC_001856.1	1000	2000	105
NC_001856.1	2000	1522000	0
NC_001849.2	0	1000	0
NC_001849.2	1000	2000	189
NC_001849.2	2000	1522000	0
NC_001850.1	0	1000	109
NC_001850.1	1000	6000	0
NC_001850.1	6000	7000	210
NC_001850.1	7000	1522000	0
NC_000951.1	0	1000	91
NC_000951.1	1000	3000	0
NC_000951.1	3000	4000	16
NC_000951.1	4000	1522000	0
NC_001853.1	0	3000	0
NC_001853.1	3000	4000	32
NC_001853.1	4000	5000	391
NC_001853.1	5000	6000	81
NC_001853.1	6000	1522000	0
NC_000950.1	0	1000	307
NC_000950.1	1000	11000	0
NC_000950.1	11000	12000	135
NC_000950.1	12000	13000	148
NC_000950.1	13000	21000	0
NC_000950.1	21000	22000	16
NC_000950.1	22000	23000	72
NC_000950.1	23000	24000	0
NC_000950.1	24000	25000	48
NC_000950.1	25000	1522000	0
NC_000949.1	0	6000	0
NC_000949.1	6000	7000	102
NC_000949.1	7000	10000	0
NC_000949.1	10000	11000	201
NC_000949.1	11000	15000	0
NC_000949.1	15000	16000	99
NC_000949.1	16000	18000	0
NC_000949.1	18000	19000	148
NC_000949.1	19000	1522000	0
NC_001903.1	0	1000	50
NC_001903.1	1000	9000	0
NC_001903.1	9000	10000	83
NC_001903.1	10000	11000	206
NC_001903.1	11000	1522000	0
NC_001318.1	0	1000	293
NC_001318.1	1000	2000	293
NC_001318.1	2000	3000	288
NC_001318.1	3000	4000	275
NC_001318.1	4000	5000	288
NC_001318.1	5000	6000	297
NC_001318.1	6000	7000	330
NC_001318.1	7000	8000	310
NC_001318.1	8000	9000	298
NC_001318.1	9000	10000	281
NC_001318.1	10000	11000	258
NC_001318.1	11000	12000	282
NC_001318.1	12000	13000	290
NC_001318.1	13000	14000	296
NC_001318.1	14000	15000	293
NC_001318.1	15000	16000	286
NC_001318.1	16000	17000	312
NC_001318.1	17000	18000	3
NC_001318.1	18000	1522000	0
NC_001854.1	0	1000	0
NC_001854.1	1000	2000	84
NC_001854.1	2000	3000	105
NC_001854.1	3000	1522000	0
NC_001851.2	0	1000	5
NC_001851.2	1000	2000	10
NC_001851.2	2000	5000	0
NC_001851.2	5000	6000	12
NC_001851.2	6000	1522000	0
NC_001855.1	0	1000	23
NC_001855.1	1000	35000	0
NC_001855.1	35000	36000	13
NC_001855.1	36000	1522000	0
NC_000953.1	0	26000	0
NC_000953.1	26000	27000	19
NC_000953.1	27000	1522000	0
NC_001852.1	0	1000	319
NC_001852.1	1000	2000	272
NC_001852.1	2000	3000	68
NC_001852.1	3000	8000	0
NC_001852.1	8000	9000	2
NC_001852.1	9000	10000	66
NC_001852.1	10000	18000	0
NC_001852.1	18000	19000	26
NC_001852.1	19000	20000	80
NC_001852.1	20000	1522000	0
NC_000952.1	0	18000	0
NC_000952.1	18000	19000	73
NC_000952.1	19000	20000	179
NC_000952.1	20000	22000	0
NC_000952.1	22000	23000	111
NC_000952.1	23000	1522000	0
