NC_001857.2	0	1000	299
NC_001857.2	1000	2000	35
NC_001857.2	2000	49000	0
NC_001857.2	49000	50000	25
NC_001857.2	50000	1522000	0
NC_000949.1	0	1000	221
NC_000949.1	1000	3000	0
NC_000949.1	3000	4000	202
NC_000949.1	4000	10000	0
NC_000949.1	10000	11000	319
NC_000949.1	11000	12000	3
NC_000949.1	12000	17000	0
NC_000949.1	17000	18000	7
NC_000949.1	18000	23000	0
NC_000949.1	23000	24000	74
NC_000949.1	24000	27000	0
NC_000949.1	27000	28000	14
NC_000949.1	28000	1522000	0
NC_001903.1	0	1000	113
NC_001903.1	1000	9000	0
NC_001903.1	9000	10000	112
NC_001903.1	10000	17000	0
NC_001903.1	17000	18000	104
NC_001903.1	18000	1522000	0
NC_001849.2	0	2000	0
NC_001849.2	2000	3000	16
NC_001849.2	3000	4000	0
NC_001849.2	4000	5000	137
NC_001849.2	5000	13000	0
NC_001849.2	13000	14000	8
NC_001849.2	14000	15000	0
NC_001849.2	15000	16000	19
NC_001849.2	16000	1522000	0
NC_001850.1	0	1000	134
NC_001850.1	1000	1522000	0
NC_000956.1	0	1000	170
NC_000956.1	1000	16000	0
NC_000956.1	16000	17000	90
NC_000956.1	17000	18000	0
NC_000956.1	18000	19000	15
NC_000956.1	19000	20000	1
NC_000956.1	20000	21000	72
NC_000956.1	21000	22000	334
NC_000956.1	22000	26000	0
NC_000956.1	26000	27000	69
NC_000956.1	27000	28000	45
NC_000956.1	28000	31000	0
NC_000956.1	31000	32000	73
NC_000956.1	32000	33000	105
NC_000956.1	33000	52000	0
NC_000956.1	52000	53000	6
NC_000956.1	53000	1522000	0
NC_001855.1	0	1000	11
NC_001855.1	1000	3000	0
NC_001855.1	3000	4000	66
NC_001855.1	4000	5000	25
NC_001855.1	5000	19000	0
NC_001855.1	19000	20000	12
NC_001855.1	20000	1522000	0
NC_001318.1	0	1000	260
NC_001318.1	1000	2000	292
NC_001318.1	2000	3000	307
NC_001318.1	3000	4000	288
NC_001318.1	4000	5000	208
NC_001318.1	5000	6000	290
NC_001318.1	6000	7000	322
NC_001318.1	7000	8000	295
NC_001318.1	8000	9000	198
NC_001318.1	9000	438000	0
NC_001318.1	438000	439000	4
NC_001318.1	439000	441000	0
NC_001318.1	441000	442000	147
NC_001318.1	442000	443000	298
NC_001318.1	443000	444000	218
NC_001318.1	444000	550000	0
NC_001318.1	550000	551000	248
NC_001318.1	551000	552000	301
NC_001318.1	552000	553000	308
NC_001318.1	553000	554000	282
NC_001318.1	554000	555000	283
NC_001318.1	555000	556000	235
NC_001318.1	556000	892000	0
NC_001318.1	892000	893000	26
NC_001318.1	893000	894000	75
NC_001318.1	894000	905000	0
NC_001318.1	905000	906000	27
NC_001318.1	906000	1522000	0
NC_001854.1	0	1000	0
NC_001854.1	1000	2000	28
NC_001854.1	2000	7000	0
NC_001854.1	7000	8000	30
NC_001854.1	8000	9000	170
NC_001854.1	9000	26000	0
NC_001854.1	26000	27000	15
NC_001854.1	27000	1522000	0
NC_001851.2	0	9000	0
NC_001851.2	9000	10000	12
NC_001851.2	10000	11000	7
NC_001851.2	11000	1522000	0
NC_001852.1	0	1000	30
NC_001852.1	1000	2000	0
NC_001852.1	2000	3000	51
NC_001852.1	3000	4000	38
NC_001852.1	4000	1522000	0
NC_000952.1	0	1000	216
NC_000952.1	1000	2000	24
NC_000952.1	2000	10000	0
NC_000952.1	10000	11000	11
NC_000952.1	11000	12000	130
NC_000952.1	12000	15000	0
NC_000952.1	15000	16000	79
NC_000952.1	16000	17000	9
NC_000952.1	17000	18000	0
NC_000952.1	18000	19000	339
NC_000952.1	19000	20000	74
NC_000952.1	20000	1522000	0
NC_000957.1	0	1000	0
NC_000957.1	1000	2000	56
NC_000957.1	2000	1522000	0
