NC_001857.2	0	1000	9
NC_001857.2	1000	1522000	0
NC_000949.1	0	1000	32
NC_000949.1	1000	12000	0
NC_000949.1	12000	13000	103
NC_000949.1	13000	17000	0
NC_000949.1	17000	18000	1
NC_000949.1	18000	1522000	0
NC_000954.1	0	1000	1
NC_000954.1	1000	11000	0
NC_000954.1	11000	12000	3
NC_000954.1	12000	1522000	0
NC_001856.1	0	1000	2
NC_001856.1	1000	1522000	0
NC_001853.1	0	1000	0
NC_001853.1	1000	2000	5
NC_001853.1	2000	1522000	0
NC_001850.1	0	1000	28
NC_001850.1	1000	1522000	0
NC_000951.1	0	1000	303
NC_000951.1	1000	2000	126
NC_000951.1	2000	3000	124
NC_000951.1	3000	11000	0
NC_000951.1	11000	12000	8
NC_000951.1	12000	23000	0
NC_000951.1	23000	24000	48
NC_000951.1	24000	1522000	0
NC_001903.1	0	9000	0
NC_001903.1	9000	10000	15
NC_001903.1	10000	1522000	0
NC_000950.1	0	5000	0
NC_000950.1	5000	6000	3
NC_000950.1	6000	1522000	0
NC_000956.1	0	2000	0
NC_000956.1	2000	3000	65
NC_000956.1	3000	33000	0
NC_000956.1	33000	34000	46
NC_000956.1	34000	1522000	0
NC_001855.1	0	1000	1
NC_001855.1	1000	1522000	0
NC_001318.1	0	1000	94
NC_001318.1	1000	1522000	0
NC_001854.1	0	1000	3
NC_001854.1	1000	1522000	0
NC_001851.2	0	1000	2
NC_001851.2	1000	22000	0
NC_001851.2	22000	23000	18
NC_001851.2	23000	26000	0
NC_001851.2	26000	27000	6
NC_001851.2	27000	1522000	0
NC_000953.1	0	27000	0
NC_000953.1	27000	28000	45
NC_000953.1	28000	29000	123
NC_000953.1	29000	1522000	0
NC_001852.1	0	1000	2
NC_001852.1	1000	1522000	0
NC_000952.1	0	1000	366
NC_000952.1	1000	2000	73
NC_000952.1	2000	18000	0
NC_000952.1	18000	19000	72
NC_000952.1	19000	20000	218
NC_000952.1	20000	1522000	0
