NC_001857.2	0	1000	249
NC_001857.2	1000	2000	14
NC_001857.2	2000	1522000	0
NC_000954.1	0	1000	12
NC_000954.1	1000	3000	0
NC_000954.1	3000	4000	3
NC_000954.1	4000	13000	0
NC_000954.1	13000	14000	57
NC_000954.1	14000	1522000	0
NC_001851.2	0	1000	5
NC_001851.2	1000	2000	2
NC_001851.2	2000	5000	0
NC_001851.2	5000	6000	13
NC_001851.2	6000	9000	0
NC_001851.2	9000	10000	9
NC_001851.2	10000	15000	0
NC_001851.2	15000	16000	3
NC_001851.2	16000	17000	4
NC_001851.2	17000	18000	15
NC_001851.2	18000	26000	0
NC_001851.2	26000	27000	11
NC_001851.2	27000	1522000	0
NC_001856.1	0	1000	89
NC_001856.1	1000	33000	0
NC_001856.1	33000	34000	8
NC_001856.1	34000	38000	0
NC_001856.1	38000	39000	6
NC_001856.1	39000	1522000	0
NC_001853.1	0	1000	24
NC_001853.1	1000	27000	0
NC_001853.1	27000	28000	2
NC_001853.1	28000	1522000	0
NC_001850.1	0	1000	65
NC_001850.1	1000	1522000	0
NC_000951.1	0	11000	0
NC_000951.1	11000	12000	100
NC_000951.1	12000	13000	48
NC_000951.1	13000	1522000	0
NC_000950.1	0	1000	17
NC_000950.1	1000	6000	0
NC_000950.1	6000	7000	12
NC_000950.1	7000	10000	0
NC_000950.1	10000	11000	230
NC_000950.1	11000	1522000	0
NC_001849.2	0	1000	0
NC_001849.2	1000	2000	2
NC_001849.2	2000	3000	1
NC_001849.2	3000	4000	0
NC_001849.2	4000	5000	81
NC_001849.2	5000	10000	0
NC_001849.2	10000	11000	2
NC_001849.2	11000	13000	0
NC_001849.2	13000	14000	1
NC_001849.2	14000	1522000	0
NC_000949.1	0	1000	173
NC_000949.1	1000	2000	64
NC_000949.1	2000	3000	8
NC_000949.1	3000	1522000	0
NC_001855.1	0	1000	103
NC_001855.1	1000	36000	0
NC_001855.1	36000	37000	6
NC_001855.1	37000	1522000	0
NC_001318.1	0	1000	269
NC_001318.1	1000	2000	282
NC_001318.1	2000	3000	283
NC_001318.1	3000	4000	275
NC_001318.1	4000	5000	273
NC_001318.1	5000	6000	251
NC_001318.1	6000	7000	267
NC_001318.1	7000	8000	276
NC_001318.1	8000	9000	164
NC_001318.1	9000	901000	0
NC_001318.1	901000	902000	33
NC_001318.1	902000	1522000	0
NC_001854.1	0	1000	9
NC_001854.1	1000	2000	77
NC_001854.1	2000	1522000	0
NC_001903.1	0	1000	19
NC_001903.1	1000	9000	0
NC_001903.1	9000	10000	158
NC_001903.1	10000	1522000	0
NC_000953.1	0	12000	0
NC_000953.1	12000	13000	340
NC_000953.1	13000	14000	34
NC_000953.1	14000	1522000	0
NC_001852.1	0	1000	26
NC_001852.1	1000	2000	0
NC_001852.1	2000	3000	68
NC_001852.1	3000	8000	0
NC_001852.1	8000	9000	2
NC_001852.1	9000	10000	91
NC_001852.1	10000	11000	271
NC_001852.1	11000	1522000	0
NC_000952.1	0	1000	514
NC_000952.1	1000	12000	0
NC_000952.1	12000	13000	185
NC_000952.1	13000	14000	176
NC_000952.1	14000	16000	0
NC_000952.1	16000	17000	9
NC_000952.1	17000	18000	134
NC_000952.1	18000	22000	0
NC_000952.1	22000	23000	33
NC_000952.1	23000	1522000	0
NC_000948.1	0	17000	0
NC_000948.1	17000	18000	28
NC_000948.1	18000	1522000	0
