NC_001853.1
1 121
3106 4336
27041 27273
27275 28601
NC_000949.1
1 30223
NC_001855.1
2198 7749
23198 36849
NC_001318.1
1 55
903438 910724
NC_001854.1
1 1626
24149 25238
25878 26343
26873 27323
NC_001904.1
1 217
2509 9386
NC_000948.1
10060 10208
12365 12619
14726 15071
17454 27738
28149 30750
NC_001857.2
NC_001856.1
NC_000951.1
5759 29838
NC_000950.1
1 30299
NC_001850.1
1 2439
2441 3600
3602 6063
6065 21222
21238 21834
21838 24177
NC_000956.1
2393 9221
13475 13764
18225 18572
20230 26221
26725 31830
33808 52971
NC_001903.1
17146 17478
NC_001851.2
1 90
1668 9848
10523 28155
NC_001852.1
1200 1437
4118 8845
8935 9742
28660 28988
NC_000957.1
106 1142
2289 4529
4531 5228
NC_000954.1
1 3648
10093 10226
10393 10464
16913 17064
17544 30651
NC_000955.2
1 18777
NC_001849.2
1 3093
15332 15431
NC_000953.1
10060 10208
14726 18156
22946 26855
NC_000952.1
1 19538
20798 22924
26311 30800
