NC_001857.2	0	1000	266
NC_001857.2	1000	1522000	0
NC_000956.1	0	9000	0
NC_000956.1	9000	10000	3
NC_000956.1	10000	1522000	0
NC_000954.1	0	1000	94
NC_000954.1	1000	12000	0
NC_000954.1	12000	13000	53
NC_000954.1	13000	1522000	0
NC_000951.1	0	10000	0
NC_000951.1	10000	11000	264
NC_000951.1	11000	12000	288
NC_000951.1	12000	1522000	0
NC_001851.2	0	9000	0
NC_001851.2	9000	10000	10
NC_001851.2	10000	11000	0
NC_001851.2	11000	12000	14
NC_001851.2	12000	15000	0
NC_001851.2	15000	16000	7
NC_001851.2	16000	20000	0
NC_001851.2	20000	21000	7
NC_001851.2	21000	26000	0
NC_001851.2	26000	27000	41
NC_001851.2	27000	1522000	0
NC_001855.1	0	2000	0
NC_001855.1	2000	3000	106
NC_001855.1	3000	21000	0
NC_001855.1	21000	22000	11
NC_001855.1	22000	23000	2
NC_001855.1	23000	1522000	0
NC_001850.1	0	1000	139
NC_001850.1	1000	1522000	0
NC_001853.1	0	1000	0
NC_001853.1	1000	2000	29
NC_001853.1	2000	1522000	0
NC_000950.1	0	21000	0
NC_000950.1	21000	22000	16
NC_000950.1	22000	1522000	0
NC_000949.1	0	1000	0
NC_000949.1	1000	2000	11
NC_000949.1	2000	4000	0
NC_000949.1	4000	5000	17
NC_000949.1	5000	6000	20
NC_000949.1	6000	1522000	0
NC_001849.2	0	1000	0
NC_001849.2	1000	2000	3
NC_001849.2	2000	4000	0
NC_001849.2	4000	5000	79
NC_001849.2	5000	10000	0
NC_001849.2	10000	11000	21
NC_001849.2	11000	13000	0
NC_001849.2	13000	14000	18
NC_001849.2	14000	1522000	0
NC_001318.1	0	1000	271
NC_001318.1	1000	2000	335
NC_001318.1	2000	3000	239
NC_001318.1	3000	4000	289
NC_001318.1	4000	5000	292
NC_001318.1	5000	6000	261
NC_001318.1	6000	7000	246
NC_001318.1	7000	8000	276
NC_001318.1	8000	9000	307
NC_001318.1	9000	10000	278
NC_001318.1	10000	11000	27
NC_001318.1	11000	1522000	0
NC_001854.1	0	1000	32
NC_001854.1	1000	2000	34
NC_001854.1	2000	3000	172
NC_001854.1	3000	1522000	0
NC_001903.1	0	1000	4
NC_001903.1	1000	4000	0
NC_001903.1	4000	5000	73
NC_001903.1	5000	6000	138
NC_001903.1	6000	1522000	0
NC_000953.1	0	1000	353
NC_000953.1	1000	2000	245
NC_000953.1	2000	10000	0
NC_000953.1	10000	11000	219
NC_000953.1	11000	1522000	0
NC_001852.1	0	1000	86
NC_001852.1	1000	1522000	0
NC_000952.1	0	1000	118
NC_000952.1	1000	6000	0
NC_000952.1	6000	7000	53
NC_000952.1	7000	8000	0
NC_000952.1	8000	9000	21
NC_000952.1	9000	10000	0
NC_000952.1	10000	11000	175
NC_000952.1	11000	16000	0
NC_000952.1	16000	17000	9
NC_000952.1	17000	22000	0
NC_000952.1	22000	23000	45
NC_000952.1	23000	24000	178
NC_000952.1	24000	27000	0
NC_000952.1	27000	28000	58
NC_000952.1	28000	29000	64
NC_000952.1	29000	1522000	0
NC_000948.1	0	1000	352
NC_000948.1	1000	2000	140
NC_000948.1	2000	1522000	0
