NC_001857.2	0	1000	216
NC_001857.2	1000	49000	0
NC_001857.2	49000	50000	26
NC_001857.2	50000	1522000	0
NC_000949.1	0	1000	101
NC_000949.1	1000	4000	0
NC_000949.1	4000	5000	32
NC_000949.1	5000	15000	0
NC_000949.1	15000	16000	52
NC_000949.1	16000	17000	0
NC_000949.1	17000	18000	5
NC_000949.1	18000	19000	112
NC_000949.1	19000	20000	60
NC_000949.1	20000	1522000	0
NC_000954.1	0	17000	0
NC_000954.1	17000	18000	94
NC_000954.1	18000	19000	20
NC_000954.1	19000	20000	3
NC_000954.1	20000	21000	0
NC_000954.1	21000	22000	21
NC_000954.1	22000	1522000	0
NC_001903.1	0	1000	350
NC_001903.1	1000	2000	75
NC_001903.1	2000	1522000	0
NC_001850.1	0	1000	148
NC_001850.1	1000	9000	0
NC_001850.1	9000	10000	30
NC_001850.1	10000	1522000	0
NC_000951.1	0	1000	254
NC_000951.1	1000	2000	0
NC_000951.1	2000	3000	1
NC_000951.1	3000	15000	0
NC_000951.1	15000	16000	17
NC_000951.1	16000	17000	0
NC_000951.1	17000	18000	230
NC_000951.1	18000	19000	232
NC_000951.1	19000	1522000	0
NC_000955.2	0	1000	36
NC_000955.2	1000	2000	0
NC_000955.2	2000	3000	2
NC_000955.2	3000	12000	0
NC_000955.2	12000	13000	14
NC_000955.2	13000	14000	8
NC_000955.2	14000	15000	7
NC_000955.2	15000	1522000	0
NC_000950.1	0	1000	255
NC_000950.1	1000	3000	0
NC_000950.1	3000	4000	3
NC_000950.1	4000	5000	0
NC_000950.1	5000	6000	1
NC_000950.1	6000	15000	0
NC_000950.1	15000	16000	27
NC_000950.1	16000	17000	0
NC_000950.1	17000	18000	137
NC_000950.1	18000	1522000	0
NC_001849.2	0	3000	0
NC_001849.2	3000	4000	1
NC_001849.2	4000	5000	136
NC_001849.2	5000	10000	0
NC_001849.2	10000	11000	32
NC_001849.2	11000	13000	0
NC_001849.2	13000	14000	8
NC_001849.2	14000	15000	0
NC_001849.2	15000	16000	42
NC_001849.2	16000	1522000	0
NC_000956.1	0	1000	10
NC_000956.1	1000	18000	0
NC_000956.1	18000	19000	46
NC_000956.1	19000	31000	0
NC_000956.1	31000	32000	136
NC_000956.1	32000	33000	55
NC_000956.1	33000	50000	0
NC_000956.1	50000	51000	30
NC_000956.1	51000	1522000	0
NC_001855.1	0	1000	16
NC_001855.1	1000	3000	0
NC_001855.1	3000	4000	61
NC_001855.1	4000	5000	2
NC_001855.1	5000	19000	0
NC_001855.1	19000	20000	23
NC_001855.1	20000	34000	0
NC_001855.1	34000	35000	11
NC_001855.1	35000	1522000	0
NC_001318.1	0	1000	237
NC_001318.1	1000	2000	286
NC_001318.1	2000	3000	299
NC_001318.1	3000	4000	250
NC_001318.1	4000	5000	293
NC_001318.1	5000	6000	293
NC_001318.1	6000	7000	294
NC_001318.1	7000	8000	312
NC_001318.1	8000	9000	286
NC_001318.1	9000	10000	286
NC_001318.1	10000	11000	298
NC_001318.1	11000	12000	277
NC_001318.1	12000	13000	272
NC_001318.1	13000	14000	286
NC_001318.1	14000	15000	281
NC_001318.1	15000	16000	92
NC_001318.1	16000	903000	0
NC_001318.1	903000	904000	6
NC_001318.1	904000	905000	0
NC_001318.1	905000	906000	34
NC_001318.1	906000	1522000	0
NC_001854.1	0	1000	0
NC_001854.1	1000	2000	88
NC_001854.1	2000	3000	97
NC_001854.1	3000	26000	0
NC_001854.1	26000	27000	8
NC_001854.1	27000	1522000	0
NC_001851.2	0	1000	5
NC_001851.2	1000	2000	9
NC_001851.2	2000	5000	0
NC_001851.2	5000	6000	12
NC_001851.2	6000	9000	0
NC_001851.2	9000	10000	11
NC_001851.2	10000	11000	5
NC_001851.2	11000	12000	25
NC_001851.2	12000	13000	42
NC_001851.2	13000	1522000	0
NC_000953.1	0	15000	0
NC_000953.1	15000	16000	9
NC_000953.1	16000	18000	0
NC_000953.1	18000	19000	9
NC_000953.1	19000	29000	0
NC_000953.1	29000	30000	16
NC_000953.1	30000	1522000	0
NC_000948.1	0	20000	0
NC_000948.1	20000	21000	23
NC_000948.1	21000	26000	0
NC_000948.1	26000	27000	21
NC_000948.1	27000	28000	2
NC_000948.1	28000	1522000	0
NC_001853.1	0	1000	13
NC_001853.1	1000	2000	67
NC_001853.1	2000	1522000	0
NC_001852.1	0	1000	37
NC_001852.1	1000	2000	0
NC_001852.1	2000	3000	123
NC_001852.1	3000	4000	40
NC_001852.1	4000	7000	0
NC_001852.1	7000	8000	189
NC_001852.1	8000	9000	244
NC_001852.1	9000	1522000	0
NC_000952.1	0	1000	346
NC_000952.1	1000	10000	0
NC_000952.1	10000	11000	69
NC_000952.1	11000	22000	0
NC_000952.1	22000	23000	47
NC_000952.1	23000	1522000	0
NC_001904.1	0	1000	76
NC_001904.1	1000	2000	0
NC_001904.1	2000	3000	69
NC_001904.1	3000	4000	24
NC_001904.1	4000	5000	0
NC_001904.1	5000	6000	2
NC_001904.1	6000	7000	100
NC_001904.1	7000	1522000	0
