NC_001857.2	0	1000	12
NC_001857.2	1000	1522000	0
NC_000949.1	0	1000	6
NC_000949.1	1000	6000	0
NC_000949.1	6000	7000	3
NC_000949.1	7000	12000	0
NC_000949.1	12000	13000	103
NC_000949.1	13000	1522000	0
NC_000954.1	0	1000	3
NC_000954.1	1000	11000	0
NC_000954.1	11000	12000	1
NC_000954.1	12000	1522000	0
NC_001856.1	0	1000	2
NC_001856.1	1000	1522000	0
NC_001853.1	0	1000	5
NC_001853.1	1000	2000	5
NC_001853.1	2000	1522000	0
NC_001850.1	0	1000	10
NC_001850.1	1000	1522000	0
NC_000951.1	0	1000	278
NC_000951.1	1000	1522000	0
NC_001903.1	0	1000	0
NC_001903.1	1000	2000	15
NC_001903.1	2000	1522000	0
NC_000950.1	0	5000	0
NC_000950.1	5000	6000	1
NC_000950.1	6000	1522000	0
NC_000956.1	0	2000	0
NC_000956.1	2000	3000	66
NC_000956.1	3000	30000	0
NC_000956.1	30000	31000	4
NC_000956.1	31000	32000	197
NC_000956.1	32000	1522000	0
NC_001855.1	0	1000	1
NC_001855.1	1000	1522000	0
NC_001318.1	0	1000	84
NC_001318.1	1000	1522000	0
NC_001854.1	0	1000	4
NC_001854.1	1000	1522000	0
NC_001851.2	0	1000	122
NC_001851.2	1000	26000	0
NC_001851.2	26000	27000	15
NC_001851.2	27000	1522000	0
NC_000953.1	0	27000	0
NC_000953.1	27000	28000	45
NC_000953.1	28000	29000	51
NC_000953.1	29000	1522000	0
NC_001852.1	0	1000	2
NC_001852.1	1000	1522000	0
NC_000952.1	0	1000	0
NC_000952.1	1000	2000	205
NC_000952.1	2000	3000	270
NC_000952.1	3000	18000	0
NC_000952.1	18000	19000	72
NC_000952.1	19000	20000	219
NC_000952.1	20000	1522000	0
