NC_001857.2	0	1000	53
NC_001857.2	1000	16000	0
NC_001857.2	16000	17000	108
NC_001857.2	17000	47000	0
NC_001857.2	47000	48000	2
NC_001857.2	48000	49000	0
NC_001857.2	49000	50000	15
NC_001857.2	50000	1522000	0
NC_000956.1	0	1000	84
NC_000956.1	1000	25000	0
NC_000956.1	25000	26000	1
NC_000956.1	26000	27000	90
NC_000956.1	27000	28000	77
NC_000956.1	28000	31000	0
NC_000956.1	31000	32000	67
NC_000956.1	32000	33000	29
NC_000956.1	33000	1522000	0
NC_001849.2	0	3000	0
NC_001849.2	3000	4000	1
NC_001849.2	4000	5000	134
NC_001849.2	5000	10000	0
NC_001849.2	10000	11000	32
NC_001849.2	11000	15000	0
NC_001849.2	15000	16000	23
NC_001849.2	16000	1522000	0
NC_001850.1	0	1000	152
NC_001850.1	1000	9000	0
NC_001850.1	9000	10000	30
NC_001850.1	10000	1522000	0
NC_000951.1	0	1000	235
NC_000951.1	1000	15000	0
NC_000951.1	15000	16000	19
NC_000951.1	16000	17000	0
NC_000951.1	17000	18000	132
NC_000951.1	18000	19000	149
NC_000951.1	19000	27000	0
NC_000951.1	27000	28000	114
NC_000951.1	28000	29000	54
NC_000951.1	29000	1522000	0
NC_000955.2	0	1000	10
NC_000955.2	1000	2000	58
NC_000955.2	2000	3000	0
NC_000955.2	3000	4000	84
NC_000955.2	4000	5000	41
NC_000955.2	5000	6000	45
NC_000955.2	6000	7000	42
NC_000955.2	7000	8000	30
NC_000955.2	8000	9000	5
NC_000955.2	9000	10000	25
NC_000955.2	10000	11000	93
NC_000955.2	11000	12000	39
NC_000955.2	12000	13000	50
NC_000955.2	13000	14000	5
NC_000955.2	14000	15000	12
NC_000955.2	15000	1522000	0
NC_000950.1	0	1000	268
NC_000950.1	1000	15000	0
NC_000950.1	15000	16000	17
NC_000950.1	16000	17000	0
NC_000950.1	17000	18000	148
NC_000950.1	18000	1522000	0
NC_000949.1	0	1000	184
NC_000949.1	1000	2000	16
NC_000949.1	2000	15000	0
NC_000949.1	15000	16000	309
NC_000949.1	16000	17000	42
NC_000949.1	17000	28000	0
NC_000949.1	28000	29000	69
NC_000949.1	29000	1522000	0
NC_001903.1	0	1000	341
NC_001903.1	1000	2000	74
NC_001903.1	2000	1522000	0
NC_001318.1	0	1000	239
NC_001318.1	1000	2000	277
NC_001318.1	2000	3000	308
NC_001318.1	3000	4000	293
NC_001318.1	4000	5000	299
NC_001318.1	5000	6000	290
NC_001318.1	6000	7000	295
NC_001318.1	7000	8000	186
NC_001318.1	8000	437000	0
NC_001318.1	437000	438000	3
NC_001318.1	438000	439000	174
NC_001318.1	439000	440000	284
NC_001318.1	440000	441000	284
NC_001318.1	441000	442000	297
NC_001318.1	442000	443000	293
NC_001318.1	443000	444000	286
NC_001318.1	444000	445000	278
NC_001318.1	445000	446000	303
NC_001318.1	446000	447000	47
NC_001318.1	447000	903000	0
NC_001318.1	903000	904000	6
NC_001318.1	904000	905000	0
NC_001318.1	905000	906000	43
NC_001318.1	906000	1522000	0
NC_001854.1	0	1000	0
NC_001854.1	1000	2000	87
NC_001854.1	2000	3000	99
NC_001854.1	3000	26000	0
NC_001854.1	26000	27000	18
NC_001854.1	27000	1522000	0
NC_001851.2	0	1000	5
NC_001851.2	1000	2000	9
NC_001851.2	2000	5000	0
NC_001851.2	5000	6000	12
NC_001851.2	6000	9000	0
NC_001851.2	9000	10000	11
NC_001851.2	10000	11000	5
NC_001851.2	11000	12000	23
NC_001851.2	12000	13000	42
NC_001851.2	13000	1522000	0
NC_001855.1	0	1000	16
NC_001855.1	1000	3000	0
NC_001855.1	3000	4000	52
NC_001855.1	4000	5000	1
NC_001855.1	5000	19000	0
NC_001855.1	19000	20000	25
NC_001855.1	20000	35000	0
NC_001855.1	35000	36000	17
NC_001855.1	36000	1522000	0
NC_000953.1	0	15000	0
NC_000953.1	15000	16000	133
NC_000953.1	16000	17000	21
NC_000953.1	17000	18000	17
NC_000953.1	18000	19000	170
NC_000953.1	19000	1522000	0
NC_001852.1	0	1000	37
NC_001852.1	1000	2000	0
NC_001852.1	2000	3000	121
NC_001852.1	3000	4000	37
NC_001852.1	4000	8000	0
NC_001852.1	8000	9000	2
NC_001852.1	9000	10000	86
NC_001852.1	10000	11000	325
NC_001852.1	11000	1522000	0
NC_000952.1	0	1000	1134
NC_000952.1	1000	2000	412
NC_000952.1	2000	22000	0
NC_000952.1	22000	23000	5
NC_000952.1	23000	1522000	0
NC_001853.1	0	1000	69
NC_001853.1	1000	1522000	0
