NC_001857.2	0	1000	274
NC_001857.2	1000	2000	5
NC_001857.2	2000	1522000	0
NC_000954.1	0	1000	115
NC_000954.1	1000	1522000	0
NC_001849.2	0	1000	0
NC_001849.2	1000	2000	3
NC_001849.2	2000	4000	0
NC_001849.2	4000	5000	79
NC_001849.2	5000	10000	0
NC_001849.2	10000	11000	20
NC_001849.2	11000	1522000	0
NC_001850.1	0	1000	134
NC_001850.1	1000	1522000	0
NC_001853.1	0	1000	25
NC_001853.1	1000	1522000	0
NC_000949.1	0	1000	13
NC_000949.1	1000	11000	0
NC_000949.1	11000	12000	34
NC_000949.1	12000	13000	391
NC_000949.1	13000	14000	14
NC_000949.1	14000	25000	0
NC_000949.1	25000	26000	142
NC_000949.1	26000	28000	0
NC_000949.1	28000	29000	81
NC_000949.1	29000	1522000	0
NC_001903.1	0	1000	223
NC_001903.1	1000	1522000	0
NC_001318.1	0	1000	260
NC_001318.1	1000	2000	290
NC_001318.1	2000	138000	0
NC_001318.1	138000	139000	181
NC_001318.1	139000	140000	189
NC_001318.1	140000	141000	301
NC_001318.1	141000	142000	253
NC_001318.1	142000	438000	0
NC_001318.1	438000	439000	148
NC_001318.1	439000	440000	249
NC_001318.1	440000	441000	270
NC_001318.1	441000	442000	273
NC_001318.1	442000	443000	275
NC_001318.1	443000	444000	77
NC_001318.1	444000	1522000	0
NC_001854.1	0	1000	15
NC_001854.1	1000	2000	34
NC_001854.1	2000	3000	171
NC_001854.1	3000	1522000	0
NC_001851.2	0	1000	0
NC_001851.2	1000	2000	9
NC_001851.2	2000	5000	0
NC_001851.2	5000	6000	3
NC_001851.2	6000	9000	0
NC_001851.2	9000	10000	10
NC_001851.2	10000	11000	0
NC_001851.2	11000	12000	16
NC_001851.2	12000	15000	0
NC_001851.2	15000	16000	8
NC_001851.2	16000	1522000	0
NC_001855.1	0	1000	160
NC_001855.1	1000	21000	0
NC_001855.1	21000	22000	11
NC_001855.1	22000	23000	3
NC_001855.1	23000	35000	0
NC_001855.1	35000	36000	4
NC_001855.1	36000	1522000	0
NC_000953.1	0	1000	342
NC_000953.1	1000	2000	135
NC_000953.1	2000	1522000	0
NC_001852.1	0	1000	70
NC_001852.1	1000	1522000	0
NC_000952.1	0	1000	250
NC_000952.1	1000	10000	0
NC_000952.1	10000	11000	172
NC_000952.1	11000	16000	0
NC_000952.1	16000	17000	9
NC_000952.1	17000	22000	0
NC_000952.1	22000	23000	160
NC_000952.1	23000	24000	14
NC_000952.1	24000	1522000	0
NC_000948.1	0	1000	352
NC_000948.1	1000	2000	118
NC_000948.1	2000	22000	0
NC_000948.1	22000	23000	168
NC_000948.1	23000	1522000	0
