NC_001857.2	0	1000	274
NC_001857.2	1000	1522000	0
NC_000956.1	0	22000	0
NC_000956.1	22000	23000	70
NC_000956.1	23000	25000	0
NC_000956.1	25000	26000	55
NC_000956.1	26000	27000	181
NC_000956.1	27000	1522000	0
NC_000954.1	0	1000	138
NC_000954.1	1000	1522000	0
NC_001849.2	0	1000	0
NC_001849.2	1000	2000	3
NC_001849.2	2000	4000	0
NC_001849.2	4000	5000	78
NC_001849.2	5000	10000	0
NC_001849.2	10000	11000	19
NC_001849.2	11000	1522000	0
NC_000951.1	0	17000	0
NC_000951.1	17000	18000	51
NC_000951.1	18000	22000	0
NC_000951.1	22000	23000	113
NC_000951.1	23000	1522000	0
NC_000950.1	0	8000	0
NC_000950.1	8000	9000	38
NC_000950.1	9000	10000	31
NC_000950.1	10000	21000	0
NC_000950.1	21000	22000	16
NC_000950.1	22000	1522000	0
NC_000949.1	0	1000	280
NC_000949.1	1000	1522000	0
NC_001903.1	0	1000	367
NC_001903.1	1000	2000	19
NC_001903.1	2000	1522000	0
NC_001318.1	0	1000	258
NC_001318.1	1000	2000	195
NC_001318.1	2000	171000	0
NC_001318.1	171000	172000	155
NC_001318.1	172000	173000	331
NC_001318.1	173000	174000	316
NC_001318.1	174000	175000	268
NC_001318.1	175000	176000	246
NC_001318.1	176000	177000	195
NC_001318.1	177000	643000	0
NC_001318.1	643000	644000	159
NC_001318.1	644000	645000	260
NC_001318.1	645000	646000	67
NC_001318.1	646000	823000	0
NC_001318.1	823000	824000	209
NC_001318.1	824000	825000	28
NC_001318.1	825000	1522000	0
NC_001854.1	0	1000	16
NC_001854.1	1000	2000	29
NC_001854.1	2000	7000	0
NC_001854.1	7000	8000	26
NC_001854.1	8000	9000	138
NC_001854.1	9000	25000	0
NC_001854.1	25000	26000	1
NC_001854.1	26000	1522000	0
NC_001851.2	0	1000	0
NC_001851.2	1000	2000	9
NC_001851.2	2000	1522000	0
NC_001855.1	0	1000	173
NC_001855.1	1000	1522000	0
NC_000953.1	0	1000	541
NC_000953.1	1000	2000	116
NC_000953.1	2000	10000	0
NC_000953.1	10000	11000	218
NC_000953.1	11000	15000	0
NC_000953.1	15000	16000	87
NC_000953.1	16000	1522000	0
NC_000952.1	0	1000	246
NC_000952.1	1000	10000	0
NC_000952.1	10000	11000	173
NC_000952.1	11000	27000	0
NC_000952.1	27000	28000	59
NC_000952.1	28000	29000	59
NC_000952.1	29000	1522000	0
NC_000948.1	0	1000	347
NC_000948.1	1000	2000	164
NC_000948.1	2000	1522000	0
