NC_001857.2	0	1000	14
NC_001857.2	1000	1522000	0
NC_000956.1	0	1000	2
NC_000956.1	1000	1522000	0
NC_000954.1	0	1000	35
NC_000954.1	1000	7000	0
NC_000954.1	7000	8000	1
NC_000954.1	8000	1522000	0
NC_001856.1	0	1000	2
NC_001856.1	1000	1522000	0
NC_001853.1	0	1000	5
NC_001853.1	1000	1522000	0
NC_001850.1	0	1000	7
NC_001850.1	1000	1522000	0
NC_000950.1	0	7000	0
NC_000950.1	7000	8000	1
NC_000950.1	8000	1522000	0
NC_000949.1	0	1000	2
NC_000949.1	1000	14000	0
NC_000949.1	14000	15000	1
NC_000949.1	15000	1522000	0
NC_001903.1	0	1000	3
NC_001903.1	1000	10000	0
NC_001903.1	10000	11000	12
NC_001903.1	11000	1522000	0
NC_001318.1	0	1000	72
NC_001318.1	1000	1522000	0
NC_001854.1	0	1000	3
NC_001854.1	1000	1522000	0
NC_001851.2	0	1000	144
NC_001851.2	1000	25000	0
NC_001851.2	25000	26000	70
NC_001851.2	26000	1522000	0
NC_001855.1	0	1000	1
NC_001855.1	1000	1522000	0
NC_000953.1	0	1000	168
NC_000953.1	1000	22000	0
NC_000953.1	22000	23000	180
NC_000953.1	23000	1522000	0
NC_001852.1	0	1000	2
NC_001852.1	1000	1522000	0
NC_000952.1	0	4000	0
NC_000952.1	4000	5000	142
NC_000952.1	5000	6000	468
NC_000952.1	6000	1522000	0
