NC_001857.2	0	1000	69
NC_001857.2	1000	16000	0
NC_001857.2	16000	17000	120
NC_001857.2	17000	47000	0
NC_001857.2	47000	48000	8
NC_001857.2	48000	49000	0
NC_001857.2	49000	50000	17
NC_001857.2	50000	1522000	0
NC_000949.1	0	27000	0
NC_000949.1	27000	28000	9
NC_000949.1	28000	29000	74
NC_000949.1	29000	1522000	0
NC_000954.1	0	1000	233
NC_000954.1	1000	17000	0
NC_000954.1	17000	18000	11
NC_000954.1	18000	22000	0
NC_000954.1	22000	23000	18
NC_000954.1	23000	28000	0
NC_000954.1	28000	29000	81
NC_000954.1	29000	1522000	0
NC_001854.1	0	1000	0
NC_001854.1	1000	2000	71
NC_001854.1	2000	3000	119
NC_001854.1	3000	25000	0
NC_001854.1	25000	26000	1
NC_001854.1	26000	1522000	0
NC_001849.2	0	3000	0
NC_001849.2	3000	4000	1
NC_001849.2	4000	5000	138
NC_001849.2	5000	15000	0
NC_001849.2	15000	16000	17
NC_001849.2	16000	1522000	0
NC_001850.1	0	1000	123
NC_001850.1	1000	1522000	0
NC_000951.1	0	27000	0
NC_000951.1	27000	28000	73
NC_000951.1	28000	29000	15
NC_000951.1	29000	1522000	0
NC_000955.2	0	16000	0
NC_000955.2	16000	17000	7
NC_000955.2	17000	1522000	0
NC_000950.1	0	1000	253
NC_000950.1	1000	15000	0
NC_000950.1	15000	16000	15
NC_000950.1	16000	21000	0
NC_000950.1	21000	22000	16
NC_000950.1	22000	23000	115
NC_000950.1	23000	1522000	0
NC_000956.1	0	1000	112
NC_000956.1	1000	18000	0
NC_000956.1	18000	19000	31
NC_000956.1	19000	26000	0
NC_000956.1	26000	27000	12
NC_000956.1	27000	36000	0
NC_000956.1	36000	37000	20
NC_000956.1	37000	38000	36
NC_000956.1	38000	1522000	0
NC_001903.1	0	1000	342
NC_001903.1	1000	2000	17
NC_001903.1	2000	1522000	0
NC_001318.1	0	1000	12
NC_001318.1	1000	2000	206
NC_001318.1	2000	3000	288
NC_001318.1	3000	4000	308
NC_001318.1	4000	5000	95
NC_001318.1	5000	170000	0
NC_001318.1	170000	171000	59
NC_001318.1	171000	172000	185
NC_001318.1	172000	219000	0
NC_001318.1	219000	220000	42
NC_001318.1	220000	221000	301
NC_001318.1	221000	222000	291
NC_001318.1	222000	223000	335
NC_001318.1	223000	224000	296
NC_001318.1	224000	225000	46
NC_001318.1	225000	437000	0
NC_001318.1	437000	438000	3
NC_001318.1	438000	440000	0
NC_001318.1	440000	441000	110
NC_001318.1	441000	442000	296
NC_001318.1	442000	443000	272
NC_001318.1	443000	444000	280
NC_001318.1	444000	445000	40
NC_001318.1	445000	613000	0
NC_001318.1	613000	614000	1
NC_001318.1	614000	636000	0
NC_001318.1	636000	637000	127
NC_001318.1	637000	638000	294
NC_001318.1	638000	639000	292
NC_001318.1	639000	640000	191
NC_001318.1	640000	823000	0
NC_001318.1	823000	824000	73
NC_001318.1	824000	825000	267
NC_001318.1	825000	905000	0
NC_001318.1	905000	906000	32
NC_001318.1	906000	1522000	0
NC_001853.1	0	1000	111
NC_001853.1	1000	1522000	0
NC_001851.2	0	1000	69
NC_001851.2	1000	1522000	0
NC_001855.1	0	1000	17
NC_001855.1	1000	7000	0
NC_001855.1	7000	8000	66
NC_001855.1	8000	9000	13
NC_001855.1	9000	1522000	0
NC_000953.1	0	15000	0
NC_000953.1	15000	16000	144
NC_000953.1	16000	23000	0
NC_000953.1	23000	24000	76
NC_000953.1	24000	28000	0
NC_000953.1	28000	29000	75
NC_000953.1	29000	1522000	0
NC_001904.1	0	1000	105
NC_001904.1	1000	6000	0
NC_001904.1	6000	7000	22
NC_001904.1	7000	1522000	0
NC_000952.1	0	1000	1189
NC_000952.1	1000	2000	373
NC_000952.1	2000	1522000	0
NC_001852.1	0	3000	0
NC_001852.1	3000	4000	46
NC_001852.1	4000	28000	0
NC_001852.1	28000	29000	20
NC_001852.1	29000	30000	8
NC_001852.1	30000	1522000	0
