NC_001853.1
27578 28601
NC_000949.1
1 4112
5219 15138
18025 18671
26657 30223
NC_001855.1
2198 3807
17088 19301
23198 34384
35482 36849
NC_001318.1
905068 905197
NC_001854.1
1 1626
24149 25238
25878 26168
26873 27323
NC_001904.1
1 9386
NC_000948.1
1 11761
14767 30750
NC_001857.2
46465 49337
NC_001856.1
1 30312
30314 30402
30404 38829
NC_000951.1
9445 17703
26217 29838
NC_000950.1
9401 15142
16696 16870
17063 17576
22194 30299
NC_001850.1
4830 6063
6065 9452
10843 21222
21238 21834
21838 24177
NC_000956.1
467 8762
9552 13764
18266 18688
20322 21499
21899 31047
36936 50243
50807 52971
NC_001903.1
NC_001851.2
1 1830
2110 9848
10523 11926
15551 28155
NC_001852.1
4118 8845
8935 9742
23728 29355
NC_000957.1
1 2392
2952 4529
4531 5228
NC_000954.1
1 17771
22396 29569
30421 30651
NC_000955.2
1 2437
3691 3811
4301 4363
5333 5643
6579 6641
6795 6920
7369 7557
7671 7859
13411 14076
NC_001849.2
1 139
315 773
981 3996
10187 10427
15332 15431
NC_000953.1
1 1493
1995 12116
14767 15141
NC_000952.1
12125 20546
22897 30800
