NC_001857.2	0	1000	251
NC_001857.2	1000	46000	0
NC_001857.2	46000	47000	28
NC_001857.2	47000	1522000	0
NC_000956.1	0	1000	168
NC_000956.1	1000	12000	0
NC_000956.1	12000	13000	23
NC_000956.1	13000	14000	87
NC_000956.1	14000	15000	22
NC_000956.1	15000	18000	0
NC_000956.1	18000	19000	22
NC_000956.1	19000	31000	0
NC_000956.1	31000	32000	69
NC_000956.1	32000	33000	31
NC_000956.1	33000	1522000	0
NC_000954.1	0	9000	0
NC_000954.1	9000	10000	7
NC_000954.1	10000	11000	212
NC_000954.1	11000	12000	26
NC_000954.1	12000	28000	0
NC_000954.1	28000	29000	3
NC_000954.1	29000	1522000	0
NC_001856.1	0	1000	264
NC_001856.1	1000	2000	2
NC_001856.1	2000	33000	0
NC_001856.1	33000	34000	50
NC_001856.1	34000	1522000	0
NC_001853.1	0	1000	27
NC_001853.1	1000	2000	0
NC_001853.1	2000	3000	14
NC_001853.1	3000	4000	0
NC_001853.1	4000	5000	287
NC_001853.1	5000	6000	84
NC_001853.1	6000	1522000	0
NC_001849.2	0	3000	0
NC_001849.2	3000	4000	194
NC_001849.2	4000	15000	0
NC_001849.2	15000	16000	17
NC_001849.2	16000	1522000	0
NC_000955.2	0	1000	14
NC_000955.2	1000	3000	0
NC_000955.2	3000	4000	7
NC_000955.2	4000	5000	2
NC_000955.2	5000	6000	6
NC_000955.2	6000	7000	18
NC_000955.2	7000	8000	8
NC_000955.2	8000	9000	15
NC_000955.2	9000	10000	43
NC_000955.2	10000	11000	21
NC_000955.2	11000	12000	53
NC_000955.2	12000	13000	19
NC_000955.2	13000	14000	42
NC_000955.2	14000	15000	26
NC_000955.2	15000	1522000	0
NC_001903.1	0	1000	23
NC_001903.1	1000	3000	0
NC_001903.1	3000	4000	155
NC_001903.1	4000	17000	0
NC_001903.1	17000	18000	73
NC_001903.1	18000	1522000	0
NC_000950.1	0	1000	188
NC_000950.1	1000	1522000	0
NC_000957.1	0	1000	1
NC_000957.1	1000	2000	15
NC_000957.1	2000	1522000	0
NC_000949.1	0	1000	297
NC_000949.1	1000	1522000	0
NC_001855.1	0	1000	23
NC_001855.1	1000	7000	0
NC_001855.1	7000	8000	65
NC_001855.1	8000	9000	3
NC_001855.1	9000	1522000	0
NC_001318.1	0	1000	283
NC_001318.1	1000	2000	292
NC_001318.1	2000	3000	320
NC_001318.1	3000	4000	271
NC_001318.1	4000	5000	138
NC_001318.1	5000	6000	299
NC_001318.1	6000	7000	297
NC_001318.1	7000	8000	323
NC_001318.1	8000	9000	297
NC_001318.1	9000	10000	279
NC_001318.1	10000	11000	248
NC_001318.1	11000	12000	287
NC_001318.1	12000	13000	299
NC_001318.1	13000	14000	307
NC_001318.1	14000	15000	278
NC_001318.1	15000	16000	271
NC_001318.1	16000	17000	191
NC_001318.1	17000	1522000	0
NC_001854.1	0	1000	0
NC_001854.1	1000	2000	92
NC_001854.1	2000	3000	97
NC_001854.1	3000	25000	0
NC_001854.1	25000	26000	1
NC_001854.1	26000	27000	13
NC_001854.1	27000	1522000	0
NC_001851.2	0	1000	68
NC_001851.2	1000	9000	0
NC_001851.2	9000	10000	11
NC_001851.2	10000	11000	6
NC_001851.2	11000	1522000	0
NC_000953.1	0	1000	160
NC_000953.1	1000	7000	0
NC_000953.1	7000	8000	58
NC_000953.1	8000	10000	0
NC_000953.1	10000	11000	83
NC_000953.1	11000	18000	0
NC_000953.1	18000	19000	163
NC_000953.1	19000	26000	0
NC_000953.1	26000	27000	21
NC_000953.1	27000	28000	95
NC_000953.1	28000	1522000	0
NC_001852.1	0	1000	9
NC_001852.1	1000	2000	16
NC_001852.1	2000	3000	98
NC_001852.1	3000	4000	19
NC_001852.1	4000	8000	0
NC_001852.1	8000	9000	2
NC_001852.1	9000	10000	86
NC_001852.1	10000	11000	191
NC_001852.1	11000	28000	0
NC_001852.1	28000	29000	4
NC_001852.1	29000	30000	23
NC_001852.1	30000	1522000	0
NC_001904.1	0	1000	76
NC_001904.1	1000	2000	0
NC_001904.1	2000	3000	69
NC_001904.1	3000	4000	24
NC_001904.1	4000	5000	0
NC_001904.1	5000	6000	2
NC_001904.1	6000	7000	100
NC_001904.1	7000	1522000	0
