NC_001857.2	0	1000	13
NC_001857.2	1000	1522000	0
NC_000949.1	0	1000	38
NC_000949.1	1000	2000	7
NC_000949.1	2000	17000	0
NC_000949.1	17000	18000	1
NC_000949.1	18000	1522000	0
NC_000954.1	0	1000	6
NC_000954.1	1000	5000	0
NC_000954.1	5000	6000	5
NC_000954.1	6000	1522000	0
NC_001856.1	0	1000	2
NC_001856.1	1000	1522000	0
NC_001853.1	0	1000	5
NC_001853.1	1000	2000	2
NC_001853.1	2000	1522000	0
NC_001850.1	0	1000	11
NC_001850.1	1000	1522000	0
NC_000951.1	0	1000	344
NC_000951.1	1000	2000	128
NC_000951.1	2000	18000	0
NC_000951.1	18000	19000	148
NC_000951.1	19000	1522000	0
NC_000955.2	0	8000	0
NC_000955.2	8000	9000	5
NC_000955.2	9000	1522000	0
NC_000950.1	0	1000	0
NC_000950.1	1000	2000	18
NC_000950.1	2000	20000	0
NC_000950.1	20000	21000	3
NC_000950.1	21000	22000	16
NC_000950.1	22000	1522000	0
NC_000956.1	0	2000	0
NC_000956.1	2000	3000	40
NC_000956.1	3000	23000	0
NC_000956.1	23000	24000	18
NC_000956.1	24000	25000	0
NC_000956.1	25000	26000	54
NC_000956.1	26000	27000	192
NC_000956.1	27000	28000	0
NC_000956.1	28000	29000	4
NC_000956.1	29000	30000	0
NC_000956.1	30000	31000	1
NC_000956.1	31000	33000	0
NC_000956.1	33000	34000	48
NC_000956.1	34000	35000	0
NC_000956.1	35000	36000	3
NC_000956.1	36000	1522000	0
NC_001318.1	0	1000	65
NC_001318.1	1000	1522000	0
NC_001854.1	0	1000	3
NC_001854.1	1000	1522000	0
NC_001851.2	0	1000	125
NC_001851.2	1000	25000	0
NC_001851.2	25000	26000	28
NC_001851.2	26000	1522000	0
NC_000953.1	0	3000	0
NC_000953.1	3000	4000	14
NC_000953.1	4000	5000	3
NC_000953.1	5000	24000	0
NC_000953.1	24000	25000	1
NC_000953.1	25000	27000	0
NC_000953.1	27000	28000	45
NC_000953.1	28000	29000	48
NC_000953.1	29000	1522000	0
NC_001852.1	0	1000	2
NC_001852.1	1000	1522000	0
NC_000952.1	0	1000	172
NC_000952.1	1000	7000	0
NC_000952.1	7000	8000	2
NC_000952.1	8000	10000	0
NC_000952.1	10000	11000	14
NC_000952.1	11000	12000	60
NC_000952.1	12000	13000	17
NC_000952.1	13000	14000	18
NC_000952.1	14000	18000	0
NC_000952.1	18000	19000	72
NC_000952.1	19000	20000	218
NC_000952.1	20000	27000	0
NC_000952.1	27000	28000	4
NC_000952.1	28000	29000	0
NC_000952.1	29000	30000	22
NC_000952.1	30000	1522000	0
NC_001904.1	0	1000	76
NC_001904.1	1000	2000	0
NC_001904.1	2000	3000	69
NC_001904.1	3000	4000	24
NC_001904.1	4000	1522000	0
