NC_001853.1
1 361
27578 28601
NC_000949.1
1 451
1809 12225
12794 30223
NC_001855.1
2198 3759
23198 34384
35482 36849
NC_001318.1
905027 910724
NC_001854.1
1 510
1053 1626
7338 7877
24149 25238
25878 26255
27201 27323
NC_001904.1
5840 6910
NC_000948.1
1 3819
5109 18168
20828 23023
26321 30750
NC_001857.2
15805 16084
46465 49146
NC_001856.1
1 30312
30314 30402
30404 38829
NC_000951.1
1 3967
5119 15140
16495 18099
20802 25747
29764 29838
NC_000950.1
3971 15395
15953 30299
NC_001850.1
6327 21222
21238 21834
21838 24177
NC_000956.1
1 147
792 52971
NC_001903.1
NC_001851.2
2110 9848
10523 28155
NC_001852.1
1 3152
4118 7459
28660 29034
NC_000957.1
1 531
1525 2563
NC_000954.1
1 1138
1799 5438
6359 28520
NC_000955.2
1 1937
2326 18777
NC_001849.2
1 3996
15332 15431
NC_000953.1
1 12794
13840 27873
28265 30885
NC_000952.1
1 1807
2696 3113
3736 3817
14774 16133
16830 30800
