NC_001903.1	0	1000	350
NC_001903.1	1000	2000	77
NC_001903.1	2000	1522000	0
NC_001318.1	0	1000	234
NC_001318.1	1000	2000	286
NC_001318.1	2000	3000	301
NC_001318.1	3000	4000	246
NC_001318.1	4000	5000	296
NC_001318.1	5000	6000	293
NC_001318.1	6000	7000	295
NC_001318.1	7000	8000	312
NC_001318.1	8000	9000	286
NC_001318.1	9000	10000	286
NC_001318.1	10000	11000	298
NC_001318.1	11000	12000	276
NC_001318.1	12000	13000	278
NC_001318.1	13000	14000	281
NC_001318.1	14000	15000	282
NC_001318.1	15000	16000	97
NC_001318.1	16000	905000	0
NC_001318.1	905000	906000	2
NC_001318.1	906000	1522000	0
NC_000955.2	0	2000	0
NC_000955.2	2000	3000	2
NC_000955.2	3000	4000	13
NC_000955.2	4000	5000	20
NC_000955.2	5000	6000	25
NC_000955.2	6000	7000	84
NC_000955.2	7000	11000	0
NC_000955.2	11000	12000	21
NC_000955.2	12000	13000	0
NC_000955.2	13000	14000	9
NC_000955.2	14000	15000	24
NC_000955.2	15000	1522000	0
