NC_001853.1
27578 28601
NC_000949.1
1 15138
17393 28227
NC_001855.1
1 245
2198 3807
17088 19301
21589 21821
23198 35363
35549 35676
NC_001318.1
910646 910724
NC_001854.1
1 1626
24149 25238
25878 26343
26873 27323
NC_001904.1
1 9386
NC_000948.1
1 18168
20897 30750
NC_001857.2
15805 16073
48446 49143
NC_001856.1
1 30312
30314 30402
30404 38829
NC_000951.1
1 18133
26220 27856
NC_000950.1
9406 10359
12984 15142
16833 21804
22166 22247
25359 30299
NC_001850.1
1 89
4830 6063
6065 9452
10843 21222
21238 21834
21838 24177
NC_000956.1
1 295
2393 25480
25556 25856
33808 50243
50807 52971
NC_001903.1
NC_001851.2
1 222
2110 5404
7967 9777
10523 11926
15551 28155
NC_001852.1
1 453
4118 7459
NC_000957.1
1 4529
4531 5228
NC_000954.1
10093 10226
10371 10441
14692 15287
16962 17043
26276 28631
NC_000955.2
1 322
2326 4168
4293 4416
4701 5139
5272 5643
6043 6229
6612 6733
7382 7507
9304 9906
10155 10219
10491 11159
11421 11920
12285 12910
13045 13105
13482 13544
13797 14107
14516 14576
18664 18777
NC_001849.2
1 3996
10187 10427
15332 15431
NC_000953.1
1 15141
16871 16972
22261 28893
NC_000952.1
14774 27875
