NC_001857.2	0	1000	237
NC_001857.2	1000	49000	0
NC_001857.2	49000	50000	14
NC_001857.2	50000	1522000	0
NC_000949.1	0	15000	0
NC_000949.1	15000	16000	99
NC_000949.1	16000	21000	0
NC_000949.1	21000	22000	2
NC_000949.1	22000	1522000	0
NC_000954.1	0	1000	279
NC_000954.1	1000	3000	0
NC_000954.1	3000	4000	49
NC_000954.1	4000	6000	0
NC_000954.1	6000	7000	6
NC_000954.1	7000	18000	0
NC_000954.1	18000	19000	103
NC_000954.1	19000	1522000	0
NC_001856.1	0	1000	250
NC_001856.1	1000	2000	105
NC_001856.1	2000	1522000	0
NC_001849.2	0	1000	0
NC_001849.2	1000	2000	189
NC_001849.2	2000	1522000	0
NC_001850.1	0	1000	109
NC_001850.1	1000	6000	0
NC_001850.1	6000	7000	210
NC_001850.1	7000	1522000	0
NC_000951.1	0	1000	368
NC_000951.1	1000	2000	66
NC_000951.1	2000	3000	0
NC_000951.1	3000	4000	16
NC_000951.1	4000	1522000	0
NC_001853.1	0	3000	0
NC_001853.1	3000	4000	32
NC_001853.1	4000	5000	391
NC_001853.1	5000	6000	81
NC_001853.1	6000	1522000	0
NC_000950.1	0	9000	0
NC_000950.1	9000	10000	154
NC_000950.1	10000	11000	0
NC_000950.1	11000	12000	135
NC_000950.1	12000	13000	148
NC_000950.1	13000	15000	0
NC_000950.1	15000	16000	27
NC_000950.1	16000	21000	0
NC_000950.1	21000	22000	16
NC_000950.1	22000	23000	120
NC_000950.1	23000	1522000	0
NC_000956.1	0	18000	0
NC_000956.1	18000	19000	35
NC_000956.1	19000	25000	0
NC_000956.1	25000	26000	123
NC_000956.1	26000	30000	0
NC_000956.1	30000	31000	25
NC_000956.1	31000	32000	374
NC_000956.1	32000	33000	141
NC_000956.1	33000	1522000	0
NC_001903.1	0	1000	19
NC_001903.1	1000	4000	0
NC_001903.1	4000	5000	302
NC_001903.1	5000	1522000	0
NC_001318.1	0	1000	293
NC_001318.1	1000	2000	293
NC_001318.1	2000	3000	288
NC_001318.1	3000	4000	276
NC_001318.1	4000	5000	287
NC_001318.1	5000	6000	297
NC_001318.1	6000	7000	330
NC_001318.1	7000	8000	310
NC_001318.1	8000	9000	298
NC_001318.1	9000	10000	282
NC_001318.1	10000	11000	256
NC_001318.1	11000	12000	283
NC_001318.1	12000	13000	290
NC_001318.1	13000	14000	297
NC_001318.1	14000	15000	292
NC_001318.1	15000	16000	286
NC_001318.1	16000	17000	312
NC_001318.1	17000	18000	5
NC_001318.1	18000	1522000	0
NC_001854.1	0	1000	0
NC_001854.1	1000	2000	85
NC_001854.1	2000	3000	103
NC_001854.1	3000	1522000	0
NC_001851.2	0	1000	0
NC_001851.2	1000	2000	10
NC_001851.2	2000	1522000	0
NC_001855.1	0	1000	23
NC_001855.1	1000	1522000	0
NC_000953.1	0	26000	0
NC_000953.1	26000	27000	19
NC_000953.1	27000	28000	43
NC_000953.1	28000	29000	35
NC_000953.1	29000	1522000	0
NC_001852.1	0	1000	319
NC_001852.1	1000	2000	272
NC_001852.1	2000	1522000	0
NC_000952.1	0	22000	0
NC_000952.1	22000	23000	131
NC_000952.1	23000	25000	0
NC_000952.1	25000	26000	47
NC_000952.1	26000	1522000	0
