NC_001853.1
27578 28601
NC_000949.1
6082 15138
17339 17565
18025 18671
24740 25082
26657 30223
NC_001855.1
2198 3807
17088 19301
23198 36849
NC_001318.1
435179 438423
905068 905197
NC_001854.1
1 1626
24149 25238
25878 26168
NC_001904.1
1 9386
NC_000948.1
1 30750
NC_001857.2
46465 49337
NC_001856.1
1 30312
30314 30402
30404 38829
NC_000951.1
1 15157
16490 17389
20802 27856
NC_000950.1
9401 15142
16431 17565
22194 30299
NC_001850.1
4830 6063
6065 9452
10810 21222
21238 21834
21838 24177
NC_000956.1
2393 50243
50807 52971
NC_001903.1
NC_001851.2
1 1666
2110 9848
10523 11926
15551 28155
NC_001852.1
4118 8845
8935 9742
23728 29355
NC_000957.1
1 4529
4531 5228
NC_000954.1
1 30651
NC_000955.2
1 2437
3672 3857
4171 4229
4562 4624
4888 5076
5575 5826
6167 6229
6579 6641
8657 11159
11421 11920
12972 13036
13306 14181
NC_001849.2
1 3996
10187 10427
15332 15431
NC_000953.1
1 30885
NC_000952.1
1 16942
17312 22778
26604 28121
