NC_001853.1
1 1595
27578 28601
NC_000949.1
1 15113
17288 28227
NC_001855.1
1 3759
23198 35363
NC_001318.1
903438 910724
NC_001854.1
1 26168
NC_001904.1
1 217
1285 1698
5840 6910
9319 9386
NC_000948.1
1 18184
20833 30750
NC_001857.2
46465 47130
48399 49356
NC_001856.1
NC_000951.1
14786 15157
16661 18129
26214 29838
NC_000950.1
1 30299
NC_001850.1
1 2439
2441 3600
3602 6063
NC_000956.1
2393 25518
33808 52971
NC_001903.1
NC_001851.2
1 92
1668 5165
7967 28155
NC_001852.1
1729 3152
4118 8845
8935 9363
18063 18360
18892 19124
NC_000957.1
1 4529
4531 5228
NC_000954.1
1 12078
13732 15287
16571 26166
27811 30651
NC_000955.2
1 18777
NC_001849.2
332 2130
2677 4155
4258 4515
NC_000953.1
1 15067
16762 18157
22946 30885
NC_000952.1
1 17239
27922 30800
