NC_001853.1
27044 27273
27275 28601
NC_000949.1
6082 15138
17339 17565
18025 18671
26657 29962
NC_001855.1
2198 3807
17088 19301
23198 34384
35482 36436
NC_001318.1
1 70
905068 905197
910617 910724
NC_001854.1
1 1626
24149 25238
25878 27323
NC_001904.1
1 9386
NC_000948.1
1 18152
18664 30750
NC_001857.2
46465 49337
NC_001856.1
1 30312
30314 30402
30404 38829
NC_000951.1
6499 15157
16490 17389
26217 27856
NC_000950.1
1 1640
9401 15142
16431 17565
22194 30299
NC_001850.1
1 2439
2441 3600
3602 6063
6065 21222
21238 21834
21838 24177
NC_000956.1
1 6820
7583 17090
17684 18688
20322 31816
33808 50243
50807 52971
NC_001903.1
26369 26498
NC_001851.2
1 9848
10523 11926
15551 28155
NC_001852.1
1 2806
4118 8845
8935 9742
23728 29355
NC_000957.1
1 4529
4531 5228
NC_000954.1
1 10239
10393 10461
14692 17771
22396 30651
NC_000955.2
1 2437
3691 3811
4301 4363
5333 5643
6560 6683
6932 6994
7369 7557
7745 7807
18665 18777
NC_001849.2
1 3996
10187 10427
15332 15431
NC_000953.1
6486 15141
16734 16967
17537 26855
NC_000952.1
9957 10304
12125 22778
26604 30800
