NC_001852.1	0	3000	0
NC_001852.1	3000	4000	19
NC_001852.1	4000	8000	0
NC_001852.1	8000	9000	2
NC_001852.1	9000	10000	66
NC_001852.1	10000	18000	0
NC_001852.1	18000	19000	26
NC_001852.1	19000	20000	80
NC_001852.1	20000	28000	0
NC_001852.1	28000	29000	58
NC_001852.1	29000	30000	8
NC_001852.1	30000	1522000	0
NC_000949.1	0	1000	86
NC_000949.1	1000	15000	0
NC_000949.1	15000	16000	57
NC_000949.1	16000	1522000	0
NC_001849.2	0	3000	0
NC_001849.2	3000	4000	1
NC_001849.2	4000	5000	156
NC_001849.2	5000	15000	0
NC_001849.2	15000	16000	20
NC_001849.2	16000	1522000	0
NC_001850.1	0	1000	128
NC_001850.1	1000	1522000	0
NC_000951.1	0	1000	530
NC_000951.1	1000	1522000	0
NC_000955.2	0	16000	0
NC_000955.2	16000	17000	7
NC_000955.2	17000	1522000	0
NC_000950.1	0	1000	143
NC_000950.1	1000	21000	0
NC_000950.1	21000	22000	16
NC_000950.1	22000	1522000	0
NC_000957.1	0	1000	1
NC_000957.1	1000	1522000	0
NC_000956.1	0	1000	84
NC_000956.1	1000	16000	0
NC_000956.1	16000	17000	77
NC_000956.1	17000	18000	0
NC_000956.1	18000	19000	80
NC_000956.1	19000	26000	0
NC_000956.1	26000	27000	102
NC_000956.1	27000	31000	0
NC_000956.1	31000	32000	142
NC_000956.1	32000	33000	56
NC_000956.1	33000	51000	0
NC_000956.1	51000	52000	37
NC_000956.1	52000	53000	6
NC_000956.1	53000	1522000	0
NC_001903.1	0	1000	197
NC_001903.1	1000	14000	0
NC_001903.1	14000	15000	176
NC_001903.1	15000	1522000	0
NC_001318.1	0	1000	272
NC_001318.1	1000	2000	296
NC_001318.1	2000	3000	298
NC_001318.1	3000	4000	197
NC_001318.1	4000	5000	305
NC_001318.1	5000	6000	292
NC_001318.1	6000	7000	330
NC_001318.1	7000	8000	295
NC_001318.1	8000	9000	312
NC_001318.1	9000	10000	287
NC_001318.1	10000	11000	275
NC_001318.1	11000	12000	293
NC_001318.1	12000	13000	273
NC_001318.1	13000	14000	294
NC_001318.1	14000	15000	284
NC_001318.1	15000	16000	297
NC_001318.1	16000	17000	55
NC_001318.1	17000	1522000	0
NC_001853.1	0	1000	81
NC_001853.1	1000	1522000	0
NC_001851.2	0	1000	91
NC_001851.2	1000	5000	0
NC_001851.2	5000	6000	17
NC_001851.2	6000	9000	0
NC_001851.2	9000	10000	13
NC_001851.2	10000	11000	6
NC_001851.2	11000	1522000	0
NC_001855.1	0	7000	0
NC_001855.1	7000	8000	68
NC_001855.1	8000	9000	12
NC_001855.1	9000	35000	0
NC_001855.1	35000	36000	18
NC_001855.1	36000	1522000	0
NC_000953.1	0	5000	0
NC_000953.1	5000	6000	22
NC_000953.1	6000	7000	89
NC_000953.1	7000	1522000	0
NC_001904.1	0	2000	0
NC_001904.1	2000	3000	18
NC_001904.1	3000	4000	0
NC_001904.1	4000	5000	55
NC_001904.1	5000	6000	0
NC_001904.1	6000	7000	9
NC_001904.1	7000	8000	0
NC_001904.1	8000	9000	29
NC_001904.1	9000	1522000	0
NC_001857.2	0	1000	42
NC_001857.2	1000	16000	0
NC_001857.2	16000	17000	117
NC_001857.2	17000	49000	0
NC_001857.2	49000	50000	17
NC_001857.2	50000	1522000	0
NC_000952.1	0	5000	0
NC_000952.1	5000	6000	105
NC_000952.1	6000	10000	0
NC_000952.1	10000	11000	244
NC_000952.1	11000	18000	0
NC_000952.1	18000	19000	311
NC_000952.1	19000	1522000	0
NC_000948.1	0	11000	0
NC_000948.1	11000	12000	4
NC_000948.1	12000	13000	32
NC_000948.1	13000	1522000	0
