NC_001857.2	0	1000	6
NC_001857.2	1000	1522000	0
NC_000949.1	0	1000	14
NC_000949.1	1000	1522000	0
NC_000954.1	0	1000	52
NC_000954.1	1000	17000	0
NC_000954.1	17000	18000	1
NC_000954.1	18000	1522000	0
NC_001856.1	0	1000	2
NC_001856.1	1000	1522000	0
NC_001853.1	0	1000	0
NC_001853.1	1000	2000	2
NC_001853.1	2000	1522000	0
NC_001850.1	0	1000	74
NC_001850.1	1000	1522000	0
NC_000951.1	0	1000	5
NC_000951.1	1000	2000	150
NC_000951.1	2000	3000	288
NC_000951.1	3000	1522000	0
NC_000955.2	0	1000	0
NC_000955.2	1000	2000	44
NC_000955.2	2000	14000	0
NC_000955.2	14000	15000	1
NC_000955.2	15000	1522000	0
NC_000950.1	0	1000	4
NC_000950.1	1000	5000	0
NC_000950.1	5000	6000	1
NC_000950.1	6000	1522000	0
NC_000956.1	0	1000	11
NC_000956.1	1000	2000	0
NC_000956.1	2000	3000	44
NC_000956.1	3000	31000	0
NC_000956.1	31000	32000	76
NC_000956.1	32000	33000	82
NC_000956.1	33000	34000	33
NC_000956.1	34000	1522000	0
NC_001318.1	0	1000	46
NC_001318.1	1000	1522000	0
NC_001854.1	0	1000	0
NC_001854.1	1000	2000	9
NC_001854.1	2000	1522000	0
NC_001851.2	0	1000	24
NC_001851.2	1000	1522000	0
NC_000953.1	0	1000	97
NC_000953.1	1000	2000	33
NC_000953.1	2000	11000	0
NC_000953.1	11000	12000	65
NC_000953.1	12000	22000	0
NC_000953.1	22000	23000	88
NC_000953.1	23000	27000	0
NC_000953.1	27000	28000	45
NC_000953.1	28000	29000	51
NC_000953.1	29000	1522000	0
NC_001852.1	0	1000	1
NC_001852.1	1000	1522000	0
NC_000952.1	0	1000	0
NC_000952.1	1000	2000	191
NC_000952.1	2000	3000	292
NC_000952.1	3000	27000	0
NC_000952.1	27000	28000	8
NC_000952.1	28000	1522000	0
NC_000948.1	0	20000	0
NC_000948.1	20000	21000	4
NC_000948.1	21000	1522000	0
