NC_001852.1	0	1000	278
NC_001852.1	1000	18000	0
NC_001852.1	18000	19000	26
NC_001852.1	19000	20000	304
NC_001852.1	20000	21000	5
NC_001852.1	21000	1522000	0
NC_000949.1	0	27000	0
NC_000949.1	27000	28000	13
NC_000949.1	28000	29000	80
NC_000949.1	29000	1522000	0
NC_000954.1	0	18000	0
NC_000954.1	18000	19000	100
NC_000954.1	19000	1522000	0
NC_001856.1	0	1000	252
NC_001856.1	1000	2000	82
NC_001856.1	2000	1522000	0
NC_001855.1	0	1000	22
NC_001855.1	1000	3000	0
NC_001855.1	3000	4000	55
NC_001855.1	4000	5000	99
NC_001855.1	5000	27000	0
NC_001855.1	27000	28000	46
NC_001855.1	28000	29000	0
NC_001855.1	29000	30000	4
NC_001855.1	30000	33000	0
NC_001855.1	33000	34000	8
NC_001855.1	34000	1522000	0
NC_001850.1	0	6000	0
NC_001850.1	6000	7000	183
NC_001850.1	7000	21000	0
NC_001850.1	21000	22000	52
NC_001850.1	22000	23000	0
NC_001850.1	23000	24000	18
NC_001850.1	24000	1522000	0
NC_000951.1	0	1000	492
NC_000951.1	1000	22000	0
NC_000951.1	22000	23000	63
NC_000951.1	23000	27000	0
NC_000951.1	27000	28000	55
NC_000951.1	28000	29000	3
NC_000951.1	29000	1522000	0
NC_000950.1	0	1000	628
NC_000950.1	1000	2000	27
NC_000950.1	2000	11000	0
NC_000950.1	11000	12000	27
NC_000950.1	12000	13000	160
NC_000950.1	13000	21000	0
NC_000950.1	21000	22000	11
NC_000950.1	22000	1522000	0
NC_001849.2	0	1000	0
NC_001849.2	1000	2000	35
NC_001849.2	2000	3000	17
NC_001849.2	3000	4000	0
NC_001849.2	4000	5000	154
NC_001849.2	5000	6000	17
NC_001849.2	6000	1522000	0
NC_000956.1	0	13000	0
NC_000956.1	13000	14000	71
NC_000956.1	14000	15000	171
NC_000956.1	15000	18000	0
NC_000956.1	18000	19000	41
NC_000956.1	19000	20000	0
NC_000956.1	20000	21000	64
NC_000956.1	21000	22000	106
NC_000956.1	22000	1522000	0
NC_001903.1	0	1000	187
NC_001903.1	1000	17000	0
NC_001903.1	17000	18000	66
NC_001903.1	18000	1522000	0
NC_000957.1	0	1000	17
NC_000957.1	1000	1522000	0
NC_001318.1	0	1000	246
NC_001318.1	1000	2000	314
NC_001318.1	2000	3000	294
NC_001318.1	3000	4000	299
NC_001318.1	4000	5000	163
NC_001318.1	5000	6000	301
NC_001318.1	6000	7000	279
NC_001318.1	7000	8000	339
NC_001318.1	8000	9000	300
NC_001318.1	9000	10000	294
NC_001318.1	10000	11000	285
NC_001318.1	11000	12000	255
NC_001318.1	12000	13000	294
NC_001318.1	13000	14000	283
NC_001318.1	14000	15000	303
NC_001318.1	15000	16000	285
NC_001318.1	16000	17000	273
NC_001318.1	17000	18000	310
NC_001318.1	18000	19000	2
NC_001318.1	19000	1522000	0
NC_001854.1	0	1000	0
NC_001854.1	1000	2000	84
NC_001854.1	2000	3000	105
NC_001854.1	3000	25000	0
NC_001854.1	25000	26000	1
NC_001854.1	26000	1522000	0
NC_001851.2	0	1000	0
NC_001851.2	1000	2000	9
NC_001851.2	2000	3000	0
NC_001851.2	3000	4000	13
NC_001851.2	4000	1522000	0
NC_000953.1	0	10000	0
NC_000953.1	10000	11000	119
NC_000953.1	11000	15000	0
NC_000953.1	15000	16000	83
NC_000953.1	16000	18000	0
NC_000953.1	18000	19000	195
NC_000953.1	19000	27000	0
NC_000953.1	27000	28000	42
NC_000953.1	28000	29000	41
NC_000953.1	29000	1522000	0
NC_001904.1	0	1000	72
NC_001904.1	1000	6000	0
NC_001904.1	6000	7000	28
NC_001904.1	7000	8000	3
NC_001904.1	8000	1522000	0
NC_001857.2	0	1000	223
NC_001857.2	1000	46000	0
NC_001857.2	46000	47000	31
NC_001857.2	47000	1522000	0
NC_000952.1	0	1000	362
NC_000952.1	1000	1522000	0
NC_000948.1	0	22000	0
NC_000948.1	22000	23000	6
NC_000948.1	23000	1522000	0
