NC_001857.2	0	1000	8
NC_001857.2	1000	1522000	0
NC_000949.1	0	1000	0
NC_000949.1	1000	2000	141
NC_000949.1	2000	12000	0
NC_000949.1	12000	13000	103
NC_000949.1	13000	1522000	0
NC_000954.1	0	5000	0
NC_000954.1	5000	6000	1
NC_000954.1	6000	1522000	0
NC_001856.1	0	1000	2
NC_001856.1	1000	1522000	0
NC_001853.1	0	1000	0
NC_001853.1	1000	2000	5
NC_001853.1	2000	1522000	0
NC_001850.1	0	1000	53
NC_001850.1	1000	1522000	0
NC_000951.1	0	1000	279
NC_000951.1	1000	2000	22
NC_000951.1	2000	1522000	0
NC_000955.2	0	1000	0
NC_000955.2	1000	2000	35
NC_000955.2	2000	3000	0
NC_000955.2	3000	4000	6
NC_000955.2	4000	5000	8
NC_000955.2	5000	6000	15
NC_000955.2	6000	7000	24
NC_000955.2	7000	8000	29
NC_000955.2	8000	9000	20
NC_000955.2	9000	10000	6
NC_000955.2	10000	11000	19
NC_000955.2	11000	12000	12
NC_000955.2	12000	13000	30
NC_000955.2	13000	14000	48
NC_000955.2	14000	15000	36
NC_000955.2	15000	1522000	0
NC_001903.1	0	1000	3
NC_001903.1	1000	10000	0
NC_001903.1	10000	11000	12
NC_001903.1	11000	1522000	0
NC_000950.1	0	1000	0
NC_000950.1	1000	2000	138
NC_000950.1	2000	3000	129
NC_000950.1	3000	5000	0
NC_000950.1	5000	6000	2
NC_000950.1	6000	16000	0
NC_000950.1	16000	17000	4
NC_000950.1	17000	1522000	0
NC_000956.1	0	2000	0
NC_000956.1	2000	3000	48
NC_000956.1	3000	26000	0
NC_000956.1	26000	27000	67
NC_000956.1	27000	31000	0
NC_000956.1	31000	32000	146
NC_000956.1	32000	33000	140
NC_000956.1	33000	34000	45
NC_000956.1	34000	1522000	0
NC_001855.1	0	1000	1
NC_001855.1	1000	36000	0
NC_001855.1	36000	37000	1
NC_001855.1	37000	1522000	0
NC_001318.1	0	1000	71
NC_001318.1	1000	1522000	0
NC_001854.1	0	1000	0
NC_001854.1	1000	2000	7
NC_001854.1	2000	1522000	0
NC_001851.2	0	1000	138
NC_001851.2	1000	1522000	0
NC_000953.1	0	12000	0
NC_000953.1	12000	13000	170
NC_000953.1	13000	14000	119
NC_000953.1	14000	27000	0
NC_000953.1	27000	28000	45
NC_000953.1	28000	29000	122
NC_000953.1	29000	1522000	0
NC_001852.1	0	1000	2
NC_001852.1	1000	1522000	0
NC_000952.1	0	1000	181
NC_000952.1	1000	18000	0
NC_000952.1	18000	19000	72
NC_000952.1	19000	20000	218
NC_000952.1	20000	1522000	0
NC_001904.1	0	1000	76
NC_001904.1	1000	2000	0
NC_001904.1	2000	3000	69
NC_001904.1	3000	4000	24
NC_001904.1	4000	5000	0
NC_001904.1	5000	6000	2
NC_001904.1	6000	7000	101
NC_001904.1	7000	1522000	0
