NC_001853.1
1571 1633
NC_000949.1
1 1442
26678 30223
NC_001855.1
NC_001318.1
1 84
NC_001854.1
1 444
26875 27323
NC_001904.1
NC_000948.1
17557 18168
NC_001857.2
NC_001856.1
NC_000951.1
NC_000950.1
NC_001850.1
NC_000956.1
1 1367
1909 2360
50346 52971
NC_001903.1
NC_001851.2
28046 28155
NC_001852.1
NC_000957.1
1 4529
4531 5228
NC_000954.1
NC_000955.2
1 1061
3673 3733
3866 4300
4614 4676
4944 5006
5390 5450
5677 6052
6434 6931
7245 7368
7495 7557
7973 8033
8100 8446
9043 9103
9283 9655
11058 11242
11602 11662
11869 12177
NC_001849.2
NC_000953.1
1 22150
NC_000952.1
26184 27856
