NC_001853.1
1 680
27350 28601
NC_000949.1
1 27016
28103 30223
NC_001855.1
1 389
2198 7749
23198 36849
NC_001318.1
1 328
905027 910724
NC_001854.1
1 1626
24149 25238
25878 26343
26873 27323
NC_001904.1
1 217
1285 1698
5840 6910
9319 9386
NC_000948.1
1 12225
14767 28762
29344 30750
NC_001857.2
15805 16084
46465 49337
53519 53657
NC_001856.1
1 30312
30314 30402
30404 38829
NC_000951.1
1 3123
4662 11780
14786 29838
NC_000950.1
1 65
9406 18676
22171 22247
25815 30299
NC_001850.1
1 298
6327 9452
10843 21222
21238 21834
21838 24177
NC_000956.1
1 124
2393 17897
18266 18688
20232 31816
36936 52971
NC_001903.1
NC_001851.2
1 90
1668 9848
10523 28155
NC_001852.1
1 317
4118 28949
29636 29766
NC_000957.1
1 4529
4531 5228
NC_000954.1
1 30651
NC_000955.2
1 16189
16553 18777
NC_001849.2
1 3996
15332 15431
15932 16821
NC_000953.1
1 30885
NC_000952.1
14774 15131
16751 18181
25642 30800
