NC_001853.1
1 3913
26626 27273
27275 28601
NC_000949.1
1 10274
14767 15113
17288 19445
21289 30223
NC_001855.1
2198 36849
NC_001318.1
1 50
903438 910724
NC_001854.1
1 1626
24149 25238
25878 27323
NC_001904.1
1 9386
NC_000948.1
1 14376
14726 16962
17227 26720
27293 30750
NC_001857.2
46465 47425
48387 49337
NC_001856.1
1 30312
30314 30402
30404 38829
NC_000951.1
1 14451
14786 15139
15551 29838
NC_000950.1
5715 6062
9406 9777
10958 11933
17269 21804
25908 30299
NC_001850.1
1 183
5800 6063
NC_000956.1
1 12473
13343 20838
21715 52971
NC_001903.1
NC_001851.2
1 1666
2110 28155
NC_001852.1
NC_000957.1
1 4529
4531 5228
NC_000954.1
1 19956
22409 30651
NC_000955.2
1 18777
NC_001849.2
1 1341
NC_000953.1
1 27873
NC_000952.1
1 16510
16773 20762
27922 30800
