NC_001857.2	0	1000	68
NC_001857.2	1000	16000	0
NC_001857.2	16000	17000	122
NC_001857.2	17000	49000	0
NC_001857.2	49000	50000	16
NC_001857.2	50000	1522000	0
NC_000949.1	0	27000	0
NC_000949.1	27000	28000	9
NC_000949.1	28000	1522000	0
NC_000951.1	0	3000	0
NC_000951.1	3000	4000	107
NC_000951.1	4000	11000	0
NC_000951.1	11000	12000	83
NC_000951.1	12000	13000	41
NC_000951.1	13000	1522000	0
NC_001903.1	0	1000	332
NC_001903.1	1000	2000	26
NC_001903.1	2000	1522000	0
NC_001850.1	0	1000	122
NC_001850.1	1000	9000	0
NC_001850.1	9000	10000	30
NC_001850.1	10000	1522000	0
NC_001853.1	0	1000	81
NC_001853.1	1000	2000	34
NC_001853.1	2000	1522000	0
NC_000955.2	0	16000	0
NC_000955.2	16000	17000	8
NC_000955.2	17000	1522000	0
NC_000950.1	0	1000	308
NC_000950.1	1000	18000	0
NC_000950.1	18000	19000	117
NC_000950.1	19000	21000	0
NC_000950.1	21000	22000	16
NC_000950.1	22000	23000	111
NC_000950.1	23000	1522000	0
NC_000948.1	0	12000	0
NC_000948.1	12000	13000	39
NC_000948.1	13000	28000	0
NC_000948.1	28000	29000	25
NC_000948.1	29000	1522000	0
NC_000956.1	0	1000	87
NC_000956.1	1000	17000	0
NC_000956.1	17000	18000	17
NC_000956.1	18000	19000	25
NC_000956.1	19000	31000	0
NC_000956.1	31000	32000	148
NC_000956.1	32000	33000	200
NC_000956.1	33000	1522000	0
NC_001849.2	0	3000	0
NC_001849.2	3000	4000	1
NC_001849.2	4000	5000	143
NC_001849.2	5000	15000	0
NC_001849.2	15000	16000	6
NC_001849.2	16000	1522000	0
NC_001318.1	0	1000	191
NC_001318.1	1000	2000	286
NC_001318.1	2000	3000	306
NC_001318.1	3000	4000	298
NC_001318.1	4000	5000	311
NC_001318.1	5000	6000	294
NC_001318.1	6000	7000	331
NC_001318.1	7000	8000	296
NC_001318.1	8000	9000	308
NC_001318.1	9000	10000	300
NC_001318.1	10000	11000	264
NC_001318.1	11000	12000	282
NC_001318.1	12000	13000	289
NC_001318.1	13000	14000	296
NC_001318.1	14000	15000	291
NC_001318.1	15000	16000	280
NC_001318.1	16000	17000	110
NC_001318.1	17000	1522000	0
NC_001854.1	0	1000	0
NC_001854.1	1000	2000	70
NC_001854.1	2000	3000	119
NC_001854.1	3000	26000	0
NC_001854.1	26000	27000	18
NC_001854.1	27000	1522000	0
NC_001851.2	0	1000	68
NC_001851.2	1000	9000	0
NC_001851.2	9000	10000	11
NC_001851.2	10000	11000	6
NC_001851.2	11000	1522000	0
NC_001855.1	0	1000	10
NC_001855.1	1000	7000	0
NC_001855.1	7000	8000	66
NC_001855.1	8000	9000	11
NC_001855.1	9000	1522000	0
NC_001904.1	0	1000	22
NC_001904.1	1000	2000	111
NC_001904.1	2000	3000	5
NC_001904.1	3000	6000	0
NC_001904.1	6000	7000	21
NC_001904.1	7000	8000	4
NC_001904.1	8000	1522000	0
NC_000952.1	0	1000	390
NC_000952.1	1000	2000	39
NC_000952.1	2000	10000	0
NC_000952.1	10000	11000	195
NC_000952.1	11000	15000	0
NC_000952.1	15000	16000	65
NC_000952.1	16000	18000	0
NC_000952.1	18000	19000	273
NC_000952.1	19000	1522000	0
NC_001852.1	0	1000	28
NC_001852.1	1000	2000	0
NC_001852.1	2000	3000	52
NC_001852.1	3000	4000	20
NC_001852.1	4000	28000	0
NC_001852.1	28000	29000	20
NC_001852.1	29000	30000	4
NC_001852.1	30000	1522000	0
