NC_001853.1
1 12884
12886 27273
27275 28601
NC_000949.1
1 27016
28103 28169
NC_001855.1
2198 3807
22236 27359
30847 33208
34387 36849
NC_001318.1
903404 910724
NC_001854.1
1 1626
24149 25238
25878 27323
NC_001904.1
1 647
4005 6910
NC_000948.1
1 22391
23023 30750
NC_001857.2
NC_001856.1
NC_000951.1
14745 22644
26217 27856
NC_000950.1
9526 11933
17170 21795
22166 30299
NC_001850.1
1 2439
2441 3600
3602 6063
19548 21092
23306 23378
NC_000956.1
1 13010
20524 20838
26111 52971
NC_001903.1
17146 17478
NC_001851.2
1 1666
2110 3726
4986 28155
NC_001852.1
18063 18360
18892 19124
NC_000957.1
NC_000954.1
1 18258
22409 30651
NC_000955.2
1 18777
NC_001849.2
1 1439
4258 4515
NC_000953.1
1 10208
14726 15067
16816 18157
22946 27873
NC_000952.1
14733 30800
