NC_001857.2	0	1000	59
NC_001857.2	1000	16000	0
NC_001857.2	16000	17000	108
NC_001857.2	17000	47000	0
NC_001857.2	47000	48000	2
NC_001857.2	48000	49000	0
NC_001857.2	49000	50000	15
NC_001857.2	50000	52000	0
NC_001857.2	52000	53000	3
NC_001857.2	53000	1522000	0
NC_000949.1	0	15000	0
NC_000949.1	15000	16000	2
NC_000949.1	16000	21000	0
NC_000949.1	21000	22000	1
NC_000949.1	22000	1522000	0
NC_000954.1	0	6000	0
NC_000954.1	6000	7000	10
NC_000954.1	7000	20000	0
NC_000954.1	20000	21000	5
NC_000954.1	21000	1522000	0
NC_001853.1	0	1000	0
NC_001853.1	1000	2000	134
NC_001853.1	2000	3000	47
NC_001853.1	3000	1522000	0
NC_001850.1	0	9000	0
NC_001850.1	9000	10000	29
NC_001850.1	10000	1522000	0
NC_000951.1	0	1000	1
NC_000951.1	1000	17000	0
NC_000951.1	17000	18000	102
NC_000951.1	18000	20000	0
NC_000951.1	20000	21000	3
NC_000951.1	21000	1522000	0
NC_000955.2	0	1000	0
NC_000955.2	1000	2000	7
NC_000955.2	2000	3000	4
NC_000955.2	3000	15000	0
NC_000955.2	15000	16000	1
NC_000955.2	16000	17000	0
NC_000955.2	17000	18000	2
NC_000955.2	18000	1522000	0
NC_000950.1	0	1000	271
NC_000950.1	1000	15000	0
NC_000950.1	15000	16000	18
NC_000950.1	16000	17000	0
NC_000950.1	17000	18000	143
NC_000950.1	18000	26000	0
NC_000950.1	26000	27000	6
NC_000950.1	27000	1522000	0
NC_001849.2	0	2000	0
NC_001849.2	2000	3000	18
NC_001849.2	3000	4000	1
NC_001849.2	4000	5000	134
NC_001849.2	5000	10000	0
NC_001849.2	10000	11000	32
NC_001849.2	11000	15000	0
NC_001849.2	15000	16000	46
NC_001849.2	16000	1522000	0
NC_000956.1	0	2000	0
NC_000956.1	2000	3000	5
NC_000956.1	3000	24000	0
NC_000956.1	24000	25000	1
NC_000956.1	25000	26000	0
NC_000956.1	26000	27000	135
NC_000956.1	27000	31000	0
NC_000956.1	31000	32000	137
NC_000956.1	32000	33000	77
NC_000956.1	33000	34000	25
NC_000956.1	34000	1522000	0
NC_001903.1	0	1000	49
NC_001903.1	1000	3000	0
NC_001903.1	3000	4000	159
NC_001903.1	4000	5000	206
NC_001903.1	5000	1522000	0
NC_001318.1	0	1000	240
NC_001318.1	1000	2000	279
NC_001318.1	2000	3000	308
NC_001318.1	3000	4000	293
NC_001318.1	4000	5000	299
NC_001318.1	5000	6000	289
NC_001318.1	6000	7000	296
NC_001318.1	7000	8000	312
NC_001318.1	8000	9000	285
NC_001318.1	9000	10000	285
NC_001318.1	10000	11000	296
NC_001318.1	11000	12000	279
NC_001318.1	12000	13000	292
NC_001318.1	13000	14000	288
NC_001318.1	14000	15000	288
NC_001318.1	15000	16000	120
NC_001318.1	16000	903000	0
NC_001318.1	903000	904000	6
NC_001318.1	904000	905000	0
NC_001318.1	905000	906000	34
NC_001318.1	906000	907000	7
NC_001318.1	907000	1522000	0
NC_001854.1	0	1000	0
NC_001854.1	1000	2000	42
NC_001854.1	2000	7000	0
NC_001854.1	7000	8000	22
NC_001854.1	8000	9000	135
NC_001854.1	9000	1522000	0
NC_001851.2	0	1000	5
NC_001851.2	1000	5000	0
NC_001851.2	5000	6000	12
NC_001851.2	6000	11000	0
NC_001851.2	11000	12000	23
NC_001851.2	12000	13000	42
NC_001851.2	13000	1522000	0
NC_001855.1	0	1000	20
NC_001855.1	1000	2000	3
NC_001855.1	2000	3000	0
NC_001855.1	3000	4000	52
NC_001855.1	4000	5000	1
NC_001855.1	5000	19000	0
NC_001855.1	19000	20000	25
NC_001855.1	20000	1522000	0
NC_000953.1	0	1000	142
NC_000953.1	1000	12000	0
NC_000953.1	12000	13000	75
NC_000953.1	13000	15000	0
NC_000953.1	15000	16000	47
NC_000953.1	16000	20000	0
NC_000953.1	20000	21000	4
NC_000953.1	21000	1522000	0
NC_001852.1	0	1000	0
NC_001852.1	1000	2000	12
NC_001852.1	2000	3000	77
NC_001852.1	3000	8000	0
NC_001852.1	8000	9000	2
NC_001852.1	9000	10000	86
NC_001852.1	10000	11000	332
NC_001852.1	11000	1522000	0
NC_000952.1	0	8000	0
NC_000952.1	8000	9000	25
NC_000952.1	9000	14000	0
NC_000952.1	14000	15000	4
NC_000952.1	15000	20000	0
NC_000952.1	20000	21000	36
NC_000952.1	21000	28000	0
NC_000952.1	28000	29000	3
NC_000952.1	29000	1522000	0
NC_000948.1	0	20000	0
NC_000948.1	20000	21000	2
NC_000948.1	21000	26000	0
NC_000948.1	26000	27000	18
NC_000948.1	27000	1522000	0
