NC_001857.2	0	1000	5
NC_001857.2	1000	1522000	0
NC_000949.1	0	1000	5
NC_000949.1	1000	17000	0
NC_000949.1	17000	18000	1
NC_000949.1	18000	1522000	0
NC_000954.1	0	1000	22
NC_000954.1	1000	5000	0
NC_000954.1	5000	6000	10
NC_000954.1	6000	7000	8
NC_000954.1	7000	1522000	0
NC_001856.1	0	1000	2
NC_001856.1	1000	1522000	0
NC_001853.1	0	1000	0
NC_001853.1	1000	2000	2
NC_001853.1	2000	1522000	0
NC_001850.1	0	1000	27
NC_001850.1	1000	1522000	0
NC_000951.1	0	1000	275
NC_000951.1	1000	2000	152
NC_000951.1	2000	3000	282
NC_000951.1	3000	17000	0
NC_000951.1	17000	18000	128
NC_000951.1	18000	23000	0
NC_000951.1	23000	24000	39
NC_000951.1	24000	1522000	0
NC_000955.2	0	1000	2
NC_000955.2	1000	2000	13
NC_000955.2	2000	4000	0
NC_000955.2	4000	5000	17
NC_000955.2	5000	12000	0
NC_000955.2	12000	13000	13
NC_000955.2	13000	14000	8
NC_000955.2	14000	15000	16
NC_000955.2	15000	1522000	0
NC_000950.1	0	11000	0
NC_000950.1	11000	12000	1
NC_000950.1	12000	21000	0
NC_000950.1	21000	22000	16
NC_000950.1	22000	1522000	0
NC_000956.1	0	1000	2
NC_000956.1	1000	2000	0
NC_000956.1	2000	3000	10
NC_000956.1	3000	24000	0
NC_000956.1	24000	25000	12
NC_000956.1	25000	36000	0
NC_000956.1	36000	37000	2
NC_000956.1	37000	1522000	0
NC_001318.1	0	1000	59
NC_001318.1	1000	1522000	0
NC_001854.1	0	1000	0
NC_001854.1	1000	2000	12
NC_001854.1	2000	1522000	0
NC_001851.2	0	1000	124
NC_001851.2	1000	25000	0
NC_001851.2	25000	26000	54
NC_001851.2	26000	27000	37
NC_001851.2	27000	1522000	0
NC_000953.1	0	1000	79
NC_000953.1	1000	11000	0
NC_000953.1	11000	12000	3
NC_000953.1	12000	23000	0
NC_000953.1	23000	24000	159
NC_000953.1	24000	27000	0
NC_000953.1	27000	28000	45
NC_000953.1	28000	29000	51
NC_000953.1	29000	1522000	0
NC_001904.1	0	1000	76
NC_001904.1	1000	2000	0
NC_001904.1	2000	3000	69
NC_001904.1	3000	4000	24
NC_001904.1	4000	5000	0
NC_001904.1	5000	6000	2
NC_001904.1	6000	7000	100
NC_001904.1	7000	1522000	0
NC_000952.1	0	1000	379
NC_000952.1	1000	2000	148
NC_000952.1	2000	5000	0
NC_000952.1	5000	6000	338
NC_000952.1	6000	7000	77
NC_000952.1	7000	27000	0
NC_000952.1	27000	28000	58
NC_000952.1	28000	29000	44
NC_000952.1	29000	1522000	0
