NC_001853.1
6095 6198
10051 10266
27144 27273
27275 27440
NC_000949.1
NC_001855.1
36109 36347
NC_001318.1
NC_001854.1
26146 27323
NC_001904.1
1 9386
NC_000948.1
1 1922
16473 18168
NC_001857.2
NC_001856.1
38090 38313
NC_000951.1
1 20801
NC_000950.1
10053 10354
NC_001850.1
NC_000956.1
1 31816
35732 52971
NC_001903.1
NC_001851.2
1637 5404
5758 5985
6417 9752
15551 15800
16660 16749
19372 26600
27362 28155
NC_001852.1
NC_000957.1
1 1509
1938 3775
NC_000954.1
5181 13410
NC_000955.2
1 18777
NC_001849.2
1 1010
1938 2712
4258 4515
10187 10427
NC_000953.1
1 1686
NC_000952.1
26505 30800
