NC_001853.1
1 4542
26626 27273
27275 28601
NC_000949.1
1 6594
12083 30223
NC_001855.1
2198 36849
NC_001318.1
351702 352014
903438 910724
NC_001854.1
1 1626
24149 25238
25873 27323
NC_001904.1
1 217
1285 6910
9319 9386
NC_000948.1
1 15123
17227 30750
NC_001857.2
1 69
46464 47233
48387 49337
NC_001856.1
1 30312
30314 30402
30404 38829
NC_000951.1
9400 12091
14745 15164
16490 17717
20785 22638
26217 29838
NC_000950.1
9406 12070
14679 15076
17170 20619
22166 30299
NC_001850.1
1 2439
2441 3600
3602 6063
6065 15912
19548 21092
23306 23378
NC_000956.1
1 18622
20232 20838
26126 31053
33808 52971
NC_001903.1
NC_001851.2
1 1666
2110 28155
NC_001852.1
1 29766
NC_000957.1
1 4529
4531 5228
NC_000954.1
1 12170
14830 15249
16913 17064
17544 18241
22409 30651
NC_000955.2
1 18777
NC_001849.2
1 16821
NC_000953.1
1 12081
14726 15148
16903 27873
NC_000952.1
14733 18180
26194 30800
