NC_001857.2	0	1000	249
NC_001857.2	1000	46000	0
NC_001857.2	46000	47000	28
NC_001857.2	47000	1522000	0
NC_000954.1	0	3000	0
NC_000954.1	3000	4000	132
NC_000954.1	4000	5000	31
NC_000954.1	5000	10000	0
NC_000954.1	10000	11000	213
NC_000954.1	11000	12000	38
NC_000954.1	12000	13000	166
NC_000954.1	13000	17000	0
NC_000954.1	17000	18000	12
NC_000954.1	18000	1522000	0
NC_001856.1	0	1000	253
NC_001856.1	1000	2000	2
NC_001856.1	2000	33000	0
NC_001856.1	33000	34000	50
NC_001856.1	34000	1522000	0
NC_001853.1	0	1000	27
NC_001853.1	1000	2000	0
NC_001853.1	2000	3000	14
NC_001853.1	3000	4000	0
NC_001853.1	4000	5000	288
NC_001853.1	5000	6000	84
NC_001853.1	6000	1522000	0
NC_000951.1	0	1000	117
NC_000951.1	1000	1522000	0
NC_001903.1	0	1000	119
NC_001903.1	1000	12000	0
NC_001903.1	12000	13000	62
NC_001903.1	13000	17000	0
NC_001903.1	17000	18000	73
NC_001903.1	18000	1522000	0
NC_001849.2	0	3000	0
NC_001849.2	3000	4000	193
NC_001849.2	4000	15000	0
NC_001849.2	15000	16000	17
NC_001849.2	16000	1522000	0
NC_000956.1	0	1000	168
NC_000956.1	1000	9000	0
NC_000956.1	9000	10000	162
NC_000956.1	10000	13000	0
NC_000956.1	13000	14000	87
NC_000956.1	14000	15000	20
NC_000956.1	15000	18000	0
NC_000956.1	18000	19000	27
NC_000956.1	19000	26000	0
NC_000956.1	26000	27000	13
NC_000956.1	27000	31000	0
NC_000956.1	31000	32000	72
NC_000956.1	32000	33000	36
NC_000956.1	33000	1522000	0
NC_001855.1	0	1000	23
NC_001855.1	1000	7000	0
NC_001855.1	7000	8000	65
NC_001855.1	8000	9000	3
NC_001855.1	9000	1522000	0
NC_000957.1	0	1000	1
NC_000957.1	1000	2000	25
NC_000957.1	2000	1522000	0
NC_001318.1	0	1000	272
NC_001318.1	1000	2000	289
NC_001318.1	2000	3000	325
NC_001318.1	3000	4000	281
NC_001318.1	4000	5000	126
NC_001318.1	5000	6000	302
NC_001318.1	6000	7000	287
NC_001318.1	7000	8000	328
NC_001318.1	8000	9000	298
NC_001318.1	9000	10000	278
NC_001318.1	10000	11000	248
NC_001318.1	11000	12000	287
NC_001318.1	12000	13000	298
NC_001318.1	13000	14000	308
NC_001318.1	14000	15000	277
NC_001318.1	15000	16000	271
NC_001318.1	16000	17000	198
NC_001318.1	17000	1522000	0
NC_001854.1	0	1000	0
NC_001854.1	1000	2000	21
NC_001854.1	2000	3000	168
NC_001854.1	3000	25000	0
NC_001854.1	25000	26000	1
NC_001854.1	26000	27000	13
NC_001854.1	27000	1522000	0
NC_001851.2	0	1000	68
NC_001851.2	1000	9000	0
NC_001851.2	9000	10000	11
NC_001851.2	10000	11000	6
NC_001851.2	11000	1522000	0
NC_000953.1	0	1000	328
NC_000953.1	1000	5000	0
NC_000953.1	5000	6000	108
NC_000953.1	6000	10000	0
NC_000953.1	10000	11000	128
NC_000953.1	11000	18000	0
NC_000953.1	18000	19000	236
NC_000953.1	19000	26000	0
NC_000953.1	26000	27000	21
NC_000953.1	27000	28000	80
NC_000953.1	28000	1522000	0
NC_001852.1	0	1000	9
NC_001852.1	1000	2000	16
NC_001852.1	2000	3000	86
NC_001852.1	3000	4000	19
NC_001852.1	4000	8000	0
NC_001852.1	8000	9000	2
NC_001852.1	9000	10000	86
NC_001852.1	10000	11000	191
NC_001852.1	11000	28000	0
NC_001852.1	28000	29000	4
NC_001852.1	29000	30000	23
NC_001852.1	30000	1522000	0
NC_000952.1	0	19000	0
NC_000952.1	19000	20000	54
NC_000952.1	20000	22000	0
NC_000952.1	22000	23000	26
NC_000952.1	23000	24000	67
NC_000952.1	24000	1522000	0
NC_000948.1	0	1000	329
NC_000948.1	1000	10000	0
NC_000948.1	10000	11000	44
NC_000948.1	11000	12000	0
NC_000948.1	12000	13000	22
NC_000948.1	13000	15000	0
NC_000948.1	15000	16000	80
NC_000948.1	16000	27000	0
NC_000948.1	27000	28000	12
NC_000948.1	28000	1522000	0
NC_001904.1	0	1000	90
NC_001904.1	1000	1522000	0
