NC_001857.2	0	1000	51
NC_001857.2	1000	16000	0
NC_001857.2	16000	17000	98
NC_001857.2	17000	47000	0
NC_001857.2	47000	48000	2
NC_001857.2	48000	49000	0
NC_001857.2	49000	50000	14
NC_001857.2	50000	1522000	0
NC_000956.1	0	18000	0
NC_000956.1	18000	19000	46
NC_000956.1	19000	26000	0
NC_000956.1	26000	27000	97
NC_000956.1	27000	29000	0
NC_000956.1	29000	30000	92
NC_000956.1	30000	31000	21
NC_000956.1	31000	32000	206
NC_000956.1	32000	33000	207
NC_000956.1	33000	1522000	0
NC_001903.1	0	1000	177
NC_001903.1	1000	11000	0
NC_001903.1	11000	12000	70
NC_001903.1	12000	13000	161
NC_001903.1	13000	1522000	0
NC_001853.1	0	1000	71
NC_001853.1	1000	1522000	0
NC_001850.1	0	1000	152
NC_001850.1	1000	9000	0
NC_001850.1	9000	10000	29
NC_001850.1	10000	1522000	0
NC_000951.1	0	1000	77
NC_000951.1	1000	15000	0
NC_000951.1	15000	16000	19
NC_000951.1	16000	17000	0
NC_000951.1	17000	18000	132
NC_000951.1	18000	1522000	0
NC_000955.2	0	1000	14
NC_000955.2	1000	3000	0
NC_000955.2	3000	4000	7
NC_000955.2	4000	5000	2
NC_000955.2	5000	6000	7
NC_000955.2	6000	7000	18
NC_000955.2	7000	8000	13
NC_000955.2	8000	9000	11
NC_000955.2	9000	10000	24
NC_000955.2	10000	11000	36
NC_000955.2	11000	12000	5
NC_000955.2	12000	13000	45
NC_000955.2	13000	14000	12
NC_000955.2	14000	15000	46
NC_000955.2	15000	1522000	0
NC_000950.1	0	1000	274
NC_000950.1	1000	11000	0
NC_000950.1	11000	12000	32
NC_000950.1	12000	13000	15
NC_000950.1	13000	17000	0
NC_000950.1	17000	18000	148
NC_000950.1	18000	1522000	0
NC_001849.2	0	1000	42
NC_001849.2	1000	3000	0
NC_001849.2	3000	4000	1
NC_001849.2	4000	5000	134
NC_001849.2	5000	10000	0
NC_001849.2	10000	11000	32
NC_001849.2	11000	13000	0
NC_001849.2	13000	14000	9
NC_001849.2	14000	15000	0
NC_001849.2	15000	16000	46
NC_001849.2	16000	1522000	0
NC_000949.1	0	1000	448
NC_000949.1	1000	2000	16
NC_000949.1	2000	15000	0
NC_000949.1	15000	16000	30
NC_000949.1	16000	17000	42
NC_000949.1	17000	18000	0
NC_000949.1	18000	19000	106
NC_000949.1	19000	20000	65
NC_000949.1	20000	1522000	0
NC_001855.1	0	1000	21
NC_001855.1	1000	2000	1
NC_001855.1	2000	3000	0
NC_001855.1	3000	4000	62
NC_001855.1	4000	5000	1
NC_001855.1	5000	19000	0
NC_001855.1	19000	20000	25
NC_001855.1	20000	34000	0
NC_001855.1	34000	35000	11
NC_001855.1	35000	1522000	0
NC_001318.1	0	1000	235
NC_001318.1	1000	2000	280
NC_001318.1	2000	3000	313
NC_001318.1	3000	4000	292
NC_001318.1	4000	5000	289
NC_001318.1	5000	6000	294
NC_001318.1	6000	7000	295
NC_001318.1	7000	8000	305
NC_001318.1	8000	9000	283
NC_001318.1	9000	10000	284
NC_001318.1	10000	11000	302
NC_001318.1	11000	12000	288
NC_001318.1	12000	13000	287
NC_001318.1	13000	14000	284
NC_001318.1	14000	15000	304
NC_001318.1	15000	16000	26
NC_001318.1	16000	903000	0
NC_001318.1	903000	904000	6
NC_001318.1	904000	905000	0
NC_001318.1	905000	906000	35
NC_001318.1	906000	1522000	0
NC_001854.1	0	1000	0
NC_001854.1	1000	2000	72
NC_001854.1	2000	3000	129
NC_001854.1	3000	26000	0
NC_001854.1	26000	27000	37
NC_001854.1	27000	1522000	0
NC_001851.2	0	1000	19
NC_001851.2	1000	5000	0
NC_001851.2	5000	6000	17
NC_001851.2	6000	9000	0
NC_001851.2	9000	10000	11
NC_001851.2	10000	11000	5
NC_001851.2	11000	12000	23
NC_001851.2	12000	13000	40
NC_001851.2	13000	1522000	0
NC_000953.1	0	12000	0
NC_000953.1	12000	13000	106
NC_000953.1	13000	15000	0
NC_000953.1	15000	16000	214
NC_000953.1	16000	17000	12
NC_000953.1	17000	18000	14
NC_000953.1	18000	26000	0
NC_000953.1	26000	27000	21
NC_000953.1	27000	28000	79
NC_000953.1	28000	1522000	0
NC_001852.1	0	1000	38
NC_001852.1	1000	2000	0
NC_001852.1	2000	3000	53
NC_001852.1	3000	4000	37
NC_001852.1	4000	7000	0
NC_001852.1	7000	8000	186
NC_001852.1	8000	9000	246
NC_001852.1	9000	10000	62
NC_001852.1	10000	18000	0
NC_001852.1	18000	19000	26
NC_001852.1	19000	20000	289
NC_001852.1	20000	21000	16
NC_001852.1	21000	1522000	0
NC_000952.1	0	1000	1205
NC_000952.1	1000	2000	541
NC_000952.1	2000	18000	0
NC_000952.1	18000	19000	70
NC_000952.1	19000	20000	13
NC_000952.1	20000	26000	0
NC_000952.1	26000	27000	87
NC_000952.1	27000	1522000	0
NC_000948.1	0	11000	0
NC_000948.1	11000	12000	101
NC_000948.1	12000	13000	25
NC_000948.1	13000	1522000	0
NC_001904.1	0	1000	76
NC_001904.1	1000	2000	0
NC_001904.1	2000	3000	69
NC_001904.1	3000	4000	24
NC_001904.1	4000	5000	0
NC_001904.1	5000	6000	2
NC_001904.1	6000	7000	100
NC_001904.1	7000	1522000	0
