NC_001857.2	0	1000	15
NC_001857.2	1000	1522000	0
NC_000949.1	0	3000	0
NC_000949.1	3000	4000	2
NC_000949.1	4000	1522000	0
NC_000954.1	0	5000	0
NC_000954.1	5000	6000	1
NC_000954.1	6000	1522000	0
NC_001856.1	0	1000	2
NC_001856.1	1000	1522000	0
NC_001853.1	0	1000	0
NC_001853.1	1000	2000	2
NC_001853.1	2000	1522000	0
NC_001850.1	0	1000	10
NC_001850.1	1000	1522000	0
NC_000951.1	0	1000	557
NC_000951.1	1000	2000	130
NC_000951.1	2000	20000	0
NC_000951.1	20000	21000	70
NC_000951.1	21000	22000	54
NC_000951.1	22000	1522000	0
NC_000955.2	0	1000	2
NC_000955.2	1000	2000	13
NC_000955.2	2000	3000	0
NC_000955.2	3000	4000	6
NC_000955.2	4000	5000	7
NC_000955.2	5000	6000	42
NC_000955.2	6000	7000	11
NC_000955.2	7000	8000	13
NC_000955.2	8000	9000	13
NC_000955.2	9000	10000	74
NC_000955.2	10000	11000	0
NC_000955.2	11000	12000	18
NC_000955.2	12000	13000	33
NC_000955.2	13000	14000	49
NC_000955.2	14000	15000	32
NC_000955.2	15000	1522000	0
NC_000956.1	0	2000	0
NC_000956.1	2000	3000	203
NC_000956.1	3000	15000	0
NC_000956.1	15000	16000	179
NC_000956.1	16000	17000	3
NC_000956.1	17000	26000	0
NC_000956.1	26000	27000	67
NC_000956.1	27000	31000	0
NC_000956.1	31000	32000	152
NC_000956.1	32000	33000	100
NC_000956.1	33000	34000	52
NC_000956.1	34000	1522000	0
NC_001903.1	0	1000	3
NC_001903.1	1000	1522000	0
NC_001318.1	0	1000	56
NC_001318.1	1000	1522000	0
NC_001854.1	0	1000	0
NC_001854.1	1000	2000	3
NC_001854.1	2000	1522000	0
NC_001851.2	0	1000	125
NC_001851.2	1000	25000	0
NC_001851.2	25000	26000	33
NC_001851.2	26000	1522000	0
NC_000953.1	0	27000	0
NC_000953.1	27000	28000	45
NC_000953.1	28000	29000	95
NC_000953.1	29000	30000	35
NC_000953.1	30000	1522000	0
NC_001904.1	0	1000	76
NC_001904.1	1000	2000	0
NC_001904.1	2000	3000	69
NC_001904.1	3000	4000	24
NC_001904.1	4000	5000	0
NC_001904.1	5000	6000	2
NC_001904.1	6000	7000	100
NC_001904.1	7000	1522000	0
NC_000952.1	0	1000	0
NC_000952.1	1000	2000	739
NC_000952.1	2000	3000	215
NC_000952.1	3000	18000	0
NC_000952.1	18000	19000	72
NC_000952.1	19000	20000	218
NC_000952.1	20000	27000	0
NC_000952.1	27000	28000	8
NC_000952.1	28000	1522000	0
