NC_001853.1
1 109
NC_000949.1
2114 11913
NC_001855.1
NC_001318.1
138088 138341
435179 438423
NC_001854.1
1416 1626
24149 25238
25878 27323
NC_001904.1
1 9386
NC_000948.1
17286 22417
26280 30750
NC_001857.2
NC_001856.1
1 30312
30314 30402
30404 38829
NC_000951.1
1 29838
NC_000950.1
1 30299
NC_001850.1
NC_000956.1
1 52971
NC_001903.1
NC_001851.2
1 1666
2110 5165
5410 9064
10587 11657
15551 15806
17356 28155
NC_001852.1
NC_000957.1
1 4529
4531 5228
NC_000954.1
NC_000955.2
1 18777
NC_001849.2
1 1010
4258 4515
10187 10427
NC_000953.1
17329 30885
NC_000952.1
9957 10320
14733 16825
17272 22496
