NC_001857.2	0	1000	44
NC_001857.2	1000	16000	0
NC_001857.2	16000	17000	121
NC_001857.2	17000	47000	0
NC_001857.2	47000	48000	8
NC_001857.2	48000	49000	0
NC_001857.2	49000	50000	23
NC_001857.2	50000	1522000	0
NC_000949.1	0	23000	0
NC_000949.1	23000	24000	181
NC_000949.1	24000	1522000	0
NC_000954.1	0	17000	0
NC_000954.1	17000	18000	8
NC_000954.1	18000	28000	0
NC_000954.1	28000	29000	81
NC_000954.1	29000	1522000	0
NC_001849.2	0	2000	0
NC_001849.2	2000	3000	16
NC_001849.2	3000	4000	1
NC_001849.2	4000	5000	137
NC_001849.2	5000	15000	0
NC_001849.2	15000	16000	21
NC_001849.2	16000	1522000	0
NC_001850.1	0	1000	130
NC_001850.1	1000	1522000	0
NC_000951.1	0	25000	0
NC_000951.1	25000	26000	199
NC_000951.1	26000	27000	63
NC_000951.1	27000	1522000	0
NC_001853.1	0	1000	0
NC_001853.1	1000	2000	30
NC_001853.1	2000	1522000	0
NC_000950.1	0	1000	238
NC_000950.1	1000	1522000	0
NC_000956.1	0	1000	82
NC_000956.1	1000	18000	0
NC_000956.1	18000	19000	34
NC_000956.1	19000	26000	0
NC_000956.1	26000	27000	115
NC_000956.1	27000	30000	0
NC_000956.1	30000	31000	3
NC_000956.1	31000	1522000	0
NC_001903.1	0	1000	344
NC_001903.1	1000	2000	21
NC_001903.1	2000	1522000	0
NC_001318.1	0	1000	0
NC_001318.1	1000	2000	2
NC_001318.1	2000	3000	119
NC_001318.1	3000	4000	291
NC_001318.1	4000	5000	27
NC_001318.1	5000	87000	0
NC_001318.1	87000	88000	88
NC_001318.1	88000	89000	305
NC_001318.1	89000	90000	81
NC_001318.1	90000	170000	0
NC_001318.1	170000	171000	2
NC_001318.1	171000	172000	248
NC_001318.1	172000	173000	83
NC_001318.1	173000	229000	0
NC_001318.1	229000	230000	233
NC_001318.1	230000	231000	297
NC_001318.1	231000	232000	304
NC_001318.1	232000	233000	300
NC_001318.1	233000	437000	0
NC_001318.1	437000	438000	3
NC_001318.1	438000	439000	5
NC_001318.1	439000	440000	0
NC_001318.1	440000	441000	33
NC_001318.1	441000	442000	297
NC_001318.1	442000	443000	296
NC_001318.1	443000	444000	286
NC_001318.1	444000	445000	48
NC_001318.1	445000	641000	0
NC_001318.1	641000	642000	6
NC_001318.1	642000	643000	0
NC_001318.1	643000	644000	126
NC_001318.1	644000	672000	0
NC_001318.1	672000	673000	134
NC_001318.1	673000	674000	293
NC_001318.1	674000	675000	228
NC_001318.1	675000	823000	0
NC_001318.1	823000	824000	172
NC_001318.1	824000	825000	96
NC_001318.1	825000	882000	0
NC_001318.1	882000	883000	59
NC_001318.1	883000	884000	92
NC_001318.1	884000	905000	0
NC_001318.1	905000	906000	28
NC_001318.1	906000	1522000	0
NC_001854.1	0	1000	0
NC_001854.1	1000	2000	29
NC_001854.1	2000	7000	0
NC_001854.1	7000	8000	25
NC_001854.1	8000	9000	79
NC_001854.1	9000	1522000	0
NC_001851.2	0	1000	0
NC_001851.2	1000	2000	10
NC_001851.2	2000	9000	0
NC_001851.2	9000	10000	14
NC_001851.2	10000	11000	5
NC_001851.2	11000	1522000	0
NC_001855.1	0	1000	19
NC_001855.1	1000	3000	0
NC_001855.1	3000	4000	65
NC_001855.1	4000	5000	39
NC_001855.1	5000	1522000	0
NC_001852.1	0	3000	0
NC_001852.1	3000	4000	38
NC_001852.1	4000	9000	0
NC_001852.1	9000	10000	123
NC_001852.1	10000	11000	231
NC_001852.1	11000	1522000	0
NC_000952.1	0	1000	339
NC_000952.1	1000	10000	0
NC_000952.1	10000	11000	272
NC_000952.1	11000	12000	7
NC_000952.1	12000	17000	0
NC_000952.1	17000	18000	28
NC_000952.1	18000	19000	73
NC_000952.1	19000	20000	10
NC_000952.1	20000	1522000	0
