NC_001857.2	0	1000	219
NC_001857.2	1000	49000	0
NC_001857.2	49000	50000	26
NC_001857.2	50000	1522000	0
NC_000949.1	0	1000	102
NC_000949.1	1000	4000	0
NC_000949.1	4000	5000	30
NC_000949.1	5000	29000	0
NC_000949.1	29000	30000	1
NC_000949.1	30000	1522000	0
NC_000954.1	0	17000	0
NC_000954.1	17000	18000	94
NC_000954.1	18000	19000	20
NC_000954.1	19000	21000	0
NC_000954.1	21000	22000	21
NC_000954.1	22000	1522000	0
NC_001851.2	0	1000	0
NC_001851.2	1000	2000	9
NC_001851.2	2000	9000	0
NC_001851.2	9000	10000	11
NC_001851.2	10000	11000	5
NC_001851.2	11000	12000	25
NC_001851.2	12000	13000	42
NC_001851.2	13000	1522000	0
NC_001853.1	0	1000	69
NC_001853.1	1000	1522000	0
NC_001850.1	0	1000	150
NC_001850.1	1000	9000	0
NC_001850.1	9000	10000	30
NC_001850.1	10000	1522000	0
NC_000951.1	0	1000	314
NC_000951.1	1000	15000	0
NC_000951.1	15000	16000	19
NC_000951.1	16000	17000	0
NC_000951.1	17000	18000	120
NC_000951.1	18000	19000	0
NC_000951.1	19000	20000	58
NC_000951.1	20000	21000	161
NC_000951.1	21000	27000	0
NC_000951.1	27000	28000	57
NC_000951.1	28000	29000	19
NC_000951.1	29000	1522000	0
NC_000955.2	0	2000	0
NC_000955.2	2000	3000	6
NC_000955.2	3000	4000	0
NC_000955.2	4000	5000	41
NC_000955.2	5000	6000	31
NC_000955.2	6000	7000	5
NC_000955.2	7000	8000	7
NC_000955.2	8000	9000	41
NC_000955.2	9000	10000	0
NC_000955.2	10000	11000	14
NC_000955.2	11000	12000	9
NC_000955.2	12000	13000	17
NC_000955.2	13000	14000	6
NC_000955.2	14000	15000	10
NC_000955.2	15000	1522000	0
NC_000950.1	0	1000	0
NC_000950.1	1000	2000	136
NC_000950.1	2000	3000	62
NC_000950.1	3000	15000	0
NC_000950.1	15000	16000	26
NC_000950.1	16000	17000	0
NC_000950.1	17000	18000	137
NC_000950.1	18000	1522000	0
NC_001849.2	0	1000	9
NC_001849.2	1000	3000	0
NC_001849.2	3000	4000	1
NC_001849.2	4000	5000	136
NC_001849.2	5000	10000	0
NC_001849.2	10000	11000	32
NC_001849.2	11000	13000	0
NC_001849.2	13000	14000	9
NC_001849.2	14000	15000	0
NC_001849.2	15000	16000	42
NC_001849.2	16000	1522000	0
NC_000956.1	0	8000	0
NC_000956.1	8000	9000	3
NC_000956.1	9000	13000	0
NC_000956.1	13000	14000	85
NC_000956.1	14000	15000	122
NC_000956.1	15000	18000	0
NC_000956.1	18000	19000	21
NC_000956.1	19000	20000	0
NC_000956.1	20000	21000	8
NC_000956.1	21000	24000	0
NC_000956.1	24000	25000	9
NC_000956.1	25000	31000	0
NC_000956.1	31000	32000	68
NC_000956.1	32000	33000	93
NC_000956.1	33000	50000	0
NC_000956.1	50000	51000	30
NC_000956.1	51000	1522000	0
NC_001855.1	0	1000	3
NC_001855.1	1000	2000	7
NC_001855.1	2000	3000	0
NC_001855.1	3000	4000	61
NC_001855.1	4000	5000	2
NC_001855.1	5000	19000	0
NC_001855.1	19000	20000	23
NC_001855.1	20000	34000	0
NC_001855.1	34000	35000	11
NC_001855.1	35000	1522000	0
NC_001318.1	0	1000	224
NC_001318.1	1000	2000	284
NC_001318.1	2000	3000	302
NC_001318.1	3000	4000	246
NC_001318.1	4000	5000	298
NC_001318.1	5000	6000	291
NC_001318.1	6000	7000	295
NC_001318.1	7000	8000	313
NC_001318.1	8000	9000	284
NC_001318.1	9000	10000	286
NC_001318.1	10000	11000	299
NC_001318.1	11000	12000	275
NC_001318.1	12000	13000	288
NC_001318.1	13000	14000	271
NC_001318.1	14000	15000	282
NC_001318.1	15000	16000	107
NC_001318.1	16000	903000	0
NC_001318.1	903000	904000	6
NC_001318.1	904000	905000	0
NC_001318.1	905000	906000	34
NC_001318.1	906000	1522000	0
NC_001854.1	0	1000	0
NC_001854.1	1000	2000	62
NC_001854.1	2000	3000	123
NC_001854.1	3000	26000	0
NC_001854.1	26000	27000	18
NC_001854.1	27000	1522000	0
NC_001903.1	0	1000	266
NC_001903.1	1000	16000	0
NC_001903.1	16000	17000	46
NC_001903.1	17000	18000	115
NC_001903.1	18000	1522000	0
NC_000953.1	0	15000	0
NC_000953.1	15000	16000	42
NC_000953.1	16000	17000	0
NC_000953.1	17000	18000	24
NC_000953.1	18000	1522000	0
NC_001852.1	0	1000	53
NC_001852.1	1000	2000	0
NC_001852.1	2000	3000	53
NC_001852.1	3000	4000	40
NC_001852.1	4000	8000	0
NC_001852.1	8000	9000	2
NC_001852.1	9000	10000	86
NC_001852.1	10000	11000	301
NC_001852.1	11000	29000	0
NC_001852.1	29000	30000	16
NC_001852.1	30000	1522000	0
NC_000952.1	0	1000	352
NC_000952.1	1000	2000	0
NC_000952.1	2000	3000	11
NC_000952.1	3000	1522000	0
NC_000948.1	0	20000	0
NC_000948.1	20000	21000	16
NC_000948.1	21000	26000	0
NC_000948.1	26000	27000	21
NC_000948.1	27000	28000	5
NC_000948.1	28000	1522000	0
