NC_001857.2	0	1000	213
NC_001857.2	1000	49000	0
NC_001857.2	49000	50000	23
NC_001857.2	50000	1522000	0
NC_000956.1	0	18000	0
NC_000956.1	18000	19000	17
NC_000956.1	19000	50000	0
NC_000956.1	50000	51000	15
NC_000956.1	51000	1522000	0
NC_000954.1	0	10000	0
NC_000954.1	10000	11000	187
NC_000954.1	11000	15000	0
NC_000954.1	15000	16000	22
NC_000954.1	16000	17000	0
NC_000954.1	17000	18000	101
NC_000954.1	18000	19000	41
NC_000954.1	19000	1522000	0
NC_001851.2	0	1000	0
NC_001851.2	1000	2000	9
NC_001851.2	2000	9000	0
NC_001851.2	9000	10000	11
NC_001851.2	10000	11000	5
NC_001851.2	11000	1522000	0
NC_001853.1	0	1000	71
NC_001853.1	1000	1522000	0
NC_001850.1	0	1000	150
NC_001850.1	1000	1522000	0
NC_000951.1	0	1000	636
NC_000951.1	1000	15000	0
NC_000951.1	15000	16000	37
NC_000951.1	16000	17000	0
NC_000951.1	17000	18000	229
NC_000951.1	18000	19000	244
NC_000951.1	19000	27000	0
NC_000951.1	27000	28000	173
NC_000951.1	28000	29000	56
NC_000951.1	29000	1522000	0
NC_000955.2	0	2000	0
NC_000955.2	2000	3000	6
NC_000955.2	3000	4000	19
NC_000955.2	4000	5000	40
NC_000955.2	5000	6000	31
NC_000955.2	6000	7000	5
NC_000955.2	7000	8000	75
NC_000955.2	8000	9000	154
NC_000955.2	9000	13000	0
NC_000955.2	13000	14000	34
NC_000955.2	14000	15000	25
NC_000955.2	15000	18000	0
NC_000955.2	18000	19000	7
NC_000955.2	19000	1522000	0
NC_000950.1	0	1000	255
NC_000950.1	1000	15000	0
NC_000950.1	15000	16000	27
NC_000950.1	16000	17000	0
NC_000950.1	17000	18000	137
NC_000950.1	18000	1522000	0
NC_000949.1	0	1000	102
NC_000949.1	1000	15000	0
NC_000949.1	15000	16000	32
NC_000949.1	16000	17000	0
NC_000949.1	17000	18000	7
NC_000949.1	18000	19000	113
NC_000949.1	19000	20000	59
NC_000949.1	20000	28000	0
NC_000949.1	28000	29000	89
NC_000949.1	29000	1522000	0
NC_001849.2	0	3000	0
NC_001849.2	3000	4000	1
NC_001849.2	4000	5000	136
NC_001849.2	5000	10000	0
NC_001849.2	10000	11000	32
NC_001849.2	11000	15000	0
NC_001849.2	15000	16000	21
NC_001849.2	16000	1522000	0
NC_001318.1	0	1000	138
NC_001318.1	1000	2000	287
NC_001318.1	2000	3000	297
NC_001318.1	3000	4000	273
NC_001318.1	4000	5000	277
NC_001318.1	5000	6000	282
NC_001318.1	6000	7000	303
NC_001318.1	7000	8000	300
NC_001318.1	8000	9000	291
NC_001318.1	9000	10000	283
NC_001318.1	10000	11000	291
NC_001318.1	11000	12000	290
NC_001318.1	12000	13000	288
NC_001318.1	13000	14000	273
NC_001318.1	14000	15000	276
NC_001318.1	15000	16000	183
NC_001318.1	16000	905000	0
NC_001318.1	905000	906000	2
NC_001318.1	906000	1522000	0
NC_001854.1	0	1000	0
NC_001854.1	1000	2000	88
NC_001854.1	2000	3000	97
NC_001854.1	3000	26000	0
NC_001854.1	26000	27000	2
NC_001854.1	27000	1522000	0
NC_001903.1	0	1000	349
NC_001903.1	1000	2000	78
NC_001903.1	2000	1522000	0
NC_001855.1	0	1000	13
NC_001855.1	1000	3000	0
NC_001855.1	3000	4000	51
NC_001855.1	4000	5000	2
NC_001855.1	5000	11000	0
NC_001855.1	11000	12000	12
NC_001855.1	12000	19000	0
NC_001855.1	19000	20000	46
NC_001855.1	20000	1522000	0
NC_000953.1	0	15000	0
NC_000953.1	15000	16000	31
NC_000953.1	16000	17000	12
NC_000953.1	17000	18000	14
NC_000953.1	18000	26000	0
NC_000953.1	26000	27000	42
NC_000953.1	27000	28000	132
NC_000953.1	28000	1522000	0
NC_001852.1	0	2000	0
NC_001852.1	2000	3000	35
NC_001852.1	3000	4000	36
NC_001852.1	4000	8000	0
NC_001852.1	8000	9000	2
NC_001852.1	9000	10000	86
NC_001852.1	10000	11000	301
NC_001852.1	11000	29000	0
NC_001852.1	29000	30000	7
NC_001852.1	30000	1522000	0
NC_000952.1	0	1000	746
NC_000952.1	1000	2000	212
NC_000952.1	2000	22000	0
NC_000952.1	22000	23000	47
NC_000952.1	23000	1522000	0
