NC_001852.1	0	1000	9
NC_001852.1	1000	2000	16
NC_001852.1	2000	3000	86
NC_001852.1	3000	4000	46
NC_001852.1	4000	8000	0
NC_001852.1	8000	9000	2
NC_001852.1	9000	10000	86
NC_001852.1	10000	11000	248
NC_001852.1	11000	28000	0
NC_001852.1	28000	29000	59
NC_001852.1	29000	30000	8
NC_001852.1	30000	1522000	0
NC_001857.2	0	1000	250
NC_001857.2	1000	46000	0
NC_001857.2	46000	47000	28
NC_001857.2	47000	1522000	0
NC_000954.1	0	1000	337
NC_000954.1	1000	2000	176
NC_000954.1	2000	10000	0
NC_000954.1	10000	11000	210
NC_000954.1	11000	12000	36
NC_000954.1	12000	1522000	0
NC_001856.1	0	1000	253
NC_001856.1	1000	2000	2
NC_001856.1	2000	1522000	0
NC_001849.2	0	1000	42
NC_001849.2	1000	3000	0
NC_001849.2	3000	4000	193
NC_001849.2	4000	15000	0
NC_001849.2	15000	16000	17
NC_001849.2	16000	1522000	0
NC_001853.1	0	1000	27
NC_001853.1	1000	2000	0
NC_001853.1	2000	3000	14
NC_001853.1	3000	4000	0
NC_001853.1	4000	5000	288
NC_001853.1	5000	6000	83
NC_001853.1	6000	1522000	0
NC_000957.1	0	1000	1
NC_000957.1	1000	2000	25
NC_000957.1	2000	1522000	0
NC_000956.1	0	1000	84
NC_000956.1	1000	26000	0
NC_000956.1	26000	27000	31
NC_000956.1	27000	31000	0
NC_000956.1	31000	32000	72
NC_000956.1	32000	33000	36
NC_000956.1	33000	52000	0
NC_000956.1	52000	53000	3
NC_000956.1	53000	1522000	0
NC_001903.1	0	1000	181
NC_001903.1	1000	17000	0
NC_001903.1	17000	18000	70
NC_001903.1	18000	24000	0
NC_001903.1	24000	25000	3
NC_001903.1	25000	1522000	0
NC_001318.1	0	1000	282
NC_001318.1	1000	2000	293
NC_001318.1	2000	3000	320
NC_001318.1	3000	4000	270
NC_001318.1	4000	5000	138
NC_001318.1	5000	6000	297
NC_001318.1	6000	7000	299
NC_001318.1	7000	8000	320
NC_001318.1	8000	9000	298
NC_001318.1	9000	10000	278
NC_001318.1	10000	11000	249
NC_001318.1	11000	12000	287
NC_001318.1	12000	13000	297
NC_001318.1	13000	14000	309
NC_001318.1	14000	15000	278
NC_001318.1	15000	16000	271
NC_001318.1	16000	17000	185
NC_001318.1	17000	1522000	0
NC_001854.1	0	1000	0
NC_001854.1	1000	2000	92
NC_001854.1	2000	3000	97
NC_001854.1	3000	25000	0
NC_001854.1	25000	26000	1
NC_001854.1	26000	27000	13
NC_001854.1	27000	1522000	0
NC_001851.2	0	1000	92
NC_001851.2	1000	5000	0
NC_001851.2	5000	6000	15
NC_001851.2	6000	1522000	0
NC_001855.1	0	1000	23
NC_001855.1	1000	7000	0
NC_001855.1	7000	8000	65
NC_001855.1	8000	9000	3
NC_001855.1	9000	35000	0
NC_001855.1	35000	36000	9
NC_001855.1	36000	1522000	0
NC_000953.1	0	1000	554
NC_000953.1	1000	10000	0
NC_000953.1	10000	11000	83
NC_000953.1	11000	18000	0
NC_000953.1	18000	19000	236
NC_000953.1	19000	26000	0
NC_000953.1	26000	27000	21
NC_000953.1	27000	28000	18
NC_000953.1	28000	1522000	0
NC_001904.1	0	1000	90
NC_001904.1	1000	1522000	0
NC_000948.1	0	1000	329
NC_000948.1	1000	10000	0
NC_000948.1	10000	11000	70
NC_000948.1	11000	15000	0
NC_000948.1	15000	16000	80
NC_000948.1	16000	1522000	0
