NC_001857.2	0	1000	6
NC_001857.2	1000	1522000	0
NC_000956.1	0	26000	0
NC_000956.1	26000	27000	125
NC_000956.1	27000	33000	0
NC_000956.1	33000	34000	54
NC_000956.1	34000	1522000	0
NC_001903.1	0	1000	19
NC_001903.1	1000	10000	0
NC_001903.1	10000	11000	211
NC_001903.1	11000	12000	186
NC_001903.1	12000	1522000	0
NC_001853.1	0	28000	0
NC_001853.1	28000	29000	6
NC_001853.1	29000	1522000	0
NC_000951.1	0	15000	0
NC_000951.1	15000	16000	146
NC_000951.1	16000	17000	98
NC_000951.1	17000	18000	99
NC_000951.1	18000	19000	2
NC_000951.1	19000	1522000	0
NC_000954.1	0	1000	17
NC_000954.1	1000	7000	0
NC_000954.1	7000	8000	2
NC_000954.1	8000	9000	7
NC_000954.1	9000	14000	0
NC_000954.1	14000	15000	6
NC_000954.1	15000	16000	0
NC_000954.1	16000	17000	24
NC_000954.1	17000	18000	7
NC_000954.1	18000	1522000	0
NC_000950.1	0	9000	0
NC_000950.1	9000	10000	7
NC_000950.1	10000	11000	164
NC_000950.1	11000	12000	3
NC_000950.1	12000	13000	0
NC_000950.1	13000	14000	24
NC_000950.1	14000	21000	0
NC_000950.1	21000	22000	16
NC_000950.1	22000	1522000	0
NC_001849.2	0	1000	0
NC_001849.2	1000	2000	6
NC_001849.2	2000	4000	0
NC_001849.2	4000	5000	79
NC_001849.2	5000	10000	0
NC_001849.2	10000	11000	19
NC_001849.2	11000	14000	0
NC_001849.2	14000	15000	8
NC_001849.2	15000	1522000	0
NC_000949.1	0	1000	171
NC_000949.1	1000	2000	23
NC_000949.1	2000	5000	0
NC_000949.1	5000	6000	3
NC_000949.1	6000	10000	0
NC_000949.1	10000	11000	192
NC_000949.1	11000	1522000	0
NC_001855.1	0	2000	0
NC_001855.1	2000	3000	123
NC_001855.1	3000	1522000	0
NC_001318.1	0	1000	271
NC_001318.1	1000	2000	272
NC_001318.1	2000	3000	279
NC_001318.1	3000	4000	316
NC_001318.1	4000	5000	266
NC_001318.1	5000	6000	232
NC_001318.1	6000	7000	276
NC_001318.1	7000	8000	274
NC_001318.1	8000	9000	252
NC_001318.1	9000	10000	153
NC_001318.1	10000	1522000	0
NC_001854.1	0	1000	32
NC_001854.1	1000	2000	31
NC_001854.1	2000	3000	167
NC_001854.1	3000	25000	0
NC_001854.1	25000	26000	1
NC_001854.1	26000	1522000	0
NC_001851.2	0	1000	0
NC_001851.2	1000	2000	9
NC_001851.2	2000	1522000	0
NC_000953.1	0	7000	0
NC_000953.1	7000	8000	7
NC_000953.1	8000	1522000	0
NC_000952.1	0	1000	299
NC_000952.1	1000	4000	0
NC_000952.1	4000	5000	3
NC_000952.1	5000	22000	0
NC_000952.1	22000	23000	5
NC_000952.1	23000	27000	0
NC_000952.1	27000	28000	59
NC_000952.1	28000	29000	62
NC_000952.1	29000	1522000	0
NC_000948.1	0	1000	210
NC_000948.1	1000	14000	0
NC_000948.1	14000	15000	41
NC_000948.1	15000	22000	0
NC_000948.1	22000	23000	169
NC_000948.1	23000	1522000	0
