NC_001853.1
1 1633
NC_000949.1
NC_001855.1
34503 36405
NC_001318.1
NC_001854.1
1 1051
24149 25238
26056 26168
26781 27323
NC_001904.1
1 217
2662 2815
5840 6051
9331 9386
NC_000948.1
1 3150
4208 20839
NC_001857.2
NC_001856.1
1 83
NC_000951.1
1 347
848 18133
NC_000950.1
NC_001850.1
NC_000956.1
1 2360
51363 52971
NC_001903.1
NC_001851.2
19372 21080
25556 26600
27372 28155
NC_001852.1
29679 29766
NC_000957.1
1 4529
4531 5228
NC_000954.1
NC_000955.2
1 1061
3673 3733
3883 3945
4188 4561
4915 5039
5390 5450
6169 6229
6516 6641
7099 7222
7476 7599
8037 8158
8293 8479
9043 9103
9532 9655
9846 9906
10623 10811
11538 11661
13860 13920
14288 14576
NC_001849.2
NC_000953.1
1 4208
4754 11770
26490 28069
NC_000952.1
23152 28187
29050 30800
