NC_001853.1
1 3913
26626 27273
27275 28601
NC_000949.1
1 6594
12083 30223
NC_001855.1
2198 3807
22236 27359
30847 33208
34387 35363
NC_001318.1
903438 910724
NC_001854.1
1 1626
24149 25238
25878 27323
NC_001904.1
1 217
1285 6910
9319 9386
NC_000948.1
1 15123
17227 30750
NC_001857.2
46465 49337
NC_001856.1
9661 10286
30063 30312
30314 30402
30404 31154
NC_000951.1
1038 12091
14745 15152
16490 22658
26217 28297
NC_000950.1
9406 11933
14886 15076
17170 30299
NC_001850.1
1 2439
2441 3600
3602 6063
6065 6155
19548 21092
23306 23378
NC_000956.1
1 18962
20232 20838
26126 31816
33368 52971
NC_001903.1
NC_001851.2
1 92
2110 3726
4986 5165
7967 28155
NC_001852.1
1 89
18063 19124
NC_000957.1
1 4529
4531 5228
NC_000954.1
1 17064
17544 18242
22409 30651
NC_000955.2
1 18777
NC_001849.2
1 139
315 773
4258 4515
NC_000953.1
1 27873
NC_000952.1
14733 18181
20166 20234
26194 30800
