NC_001857.2	0	1000	8
NC_001857.2	1000	1522000	0
NC_000949.1	0	1000	0
NC_000949.1	1000	2000	142
NC_000949.1	2000	1522000	0
NC_000954.1	0	1000	26
NC_000954.1	1000	17000	0
NC_000954.1	17000	18000	1
NC_000954.1	18000	1522000	0
NC_001856.1	0	1000	2
NC_001856.1	1000	1522000	0
NC_001853.1	0	1000	5
NC_001853.1	1000	2000	5
NC_001853.1	2000	1522000	0
NC_001850.1	0	1000	40
NC_001850.1	1000	1522000	0
NC_000951.1	0	1000	294
NC_000951.1	1000	2000	35
NC_000951.1	2000	12000	0
NC_000951.1	12000	13000	191
NC_000951.1	13000	1522000	0
NC_000955.2	0	1000	0
NC_000955.2	1000	2000	13
NC_000955.2	2000	3000	0
NC_000955.2	3000	4000	1
NC_000955.2	4000	5000	12
NC_000955.2	5000	6000	15
NC_000955.2	6000	7000	16
NC_000955.2	7000	8000	5
NC_000955.2	8000	9000	18
NC_000955.2	9000	10000	55
NC_000955.2	10000	11000	0
NC_000955.2	11000	12000	12
NC_000955.2	12000	13000	40
NC_000955.2	13000	14000	77
NC_000955.2	14000	15000	16
NC_000955.2	15000	1522000	0
NC_001903.1	0	7000	0
NC_001903.1	7000	8000	15
NC_001903.1	8000	1522000	0
NC_000950.1	0	5000	0
NC_000950.1	5000	6000	1
NC_000950.1	6000	1522000	0
NC_000956.1	0	2000	0
NC_000956.1	2000	3000	34
NC_000956.1	3000	31000	0
NC_000956.1	31000	32000	70
NC_000956.1	32000	33000	66
NC_000956.1	33000	34000	45
NC_000956.1	34000	1522000	0
NC_001855.1	0	1000	1
NC_001855.1	1000	1522000	0
NC_001318.1	0	1000	74
NC_001318.1	1000	1522000	0
NC_001854.1	0	1000	0
NC_001854.1	1000	2000	23
NC_001854.1	2000	1522000	0
NC_001851.2	0	1000	156
NC_001851.2	1000	1522000	0
NC_000953.1	0	22000	0
NC_000953.1	22000	23000	154
NC_000953.1	23000	27000	0
NC_000953.1	27000	28000	45
NC_000953.1	28000	29000	51
NC_000953.1	29000	1522000	0
NC_001852.1	0	1000	2
NC_001852.1	1000	1522000	0
NC_000952.1	0	1000	243
NC_000952.1	1000	11000	0
NC_000952.1	11000	12000	127
NC_000952.1	12000	13000	27
NC_000952.1	13000	18000	0
NC_000952.1	18000	19000	72
NC_000952.1	19000	20000	218
NC_000952.1	20000	22000	0
NC_000952.1	22000	23000	11
NC_000952.1	23000	27000	0
NC_000952.1	27000	28000	57
NC_000952.1	28000	29000	45
NC_000952.1	29000	1522000	0
NC_000948.1	0	1000	362
NC_000948.1	1000	2000	107
NC_000948.1	2000	11000	0
NC_000948.1	11000	12000	3
NC_000948.1	12000	13000	67
NC_000948.1	13000	18000	0
NC_000948.1	18000	19000	126
NC_000948.1	19000	1522000	0
NC_001904.1	0	1000	76
NC_001904.1	1000	2000	0
NC_001904.1	2000	3000	69
NC_001904.1	3000	4000	24
NC_001904.1	4000	5000	0
NC_001904.1	5000	6000	2
NC_001904.1	6000	7000	100
NC_001904.1	7000	1522000	0
