NC_001857.2	0	1000	45
NC_001857.2	1000	16000	0
NC_001857.2	16000	17000	119
NC_001857.2	17000	49000	0
NC_001857.2	49000	50000	26
NC_001857.2	50000	1522000	0
NC_000956.1	0	1000	76
NC_000956.1	1000	25000	0
NC_000956.1	25000	26000	45
NC_000956.1	26000	27000	65
NC_000956.1	27000	29000	0
NC_000956.1	29000	30000	124
NC_000956.1	30000	31000	0
NC_000956.1	31000	32000	68
NC_000956.1	32000	33000	51
NC_000956.1	33000	50000	0
NC_000956.1	50000	51000	14
NC_000956.1	51000	1522000	0
NC_000954.1	0	1000	403
NC_000954.1	1000	10000	0
NC_000954.1	10000	11000	184
NC_000954.1	11000	12000	0
NC_000954.1	12000	13000	85
NC_000954.1	13000	15000	0
NC_000954.1	15000	16000	117
NC_000954.1	16000	17000	0
NC_000954.1	17000	18000	357
NC_000954.1	18000	28000	0
NC_000954.1	28000	29000	51
NC_000954.1	29000	1522000	0
NC_001903.1	0	1000	351
NC_001903.1	1000	2000	8
NC_001903.1	2000	1522000	0
NC_001850.1	0	1000	147
NC_001850.1	1000	9000	0
NC_001850.1	9000	10000	31
NC_001850.1	10000	1522000	0
NC_000955.2	0	1000	28
NC_000955.2	1000	4000	0
NC_000955.2	4000	5000	4
NC_000955.2	5000	6000	14
NC_000955.2	6000	7000	43
NC_000955.2	7000	8000	77
NC_000955.2	8000	9000	0
NC_000955.2	9000	10000	11
NC_000955.2	10000	11000	13
NC_000955.2	11000	12000	16
NC_000955.2	12000	13000	3
NC_000955.2	13000	14000	19
NC_000955.2	14000	15000	14
NC_000955.2	15000	16000	0
NC_000955.2	16000	17000	15
NC_000955.2	17000	1522000	0
NC_000951.1	0	18000	0
NC_000951.1	18000	19000	166
NC_000951.1	19000	27000	0
NC_000951.1	27000	28000	97
NC_000951.1	28000	29000	20
NC_000951.1	29000	1522000	0
NC_001853.1	0	1000	83
NC_001853.1	1000	1522000	0
NC_000950.1	0	1000	555
NC_000950.1	1000	10000	0
NC_000950.1	10000	11000	78
NC_000950.1	11000	15000	0
NC_000950.1	15000	16000	28
NC_000950.1	16000	17000	2
NC_000950.1	17000	21000	0
NC_000950.1	21000	22000	16
NC_000950.1	22000	23000	130
NC_000950.1	23000	1522000	0
NC_001849.2	0	3000	0
NC_001849.2	3000	4000	1
NC_001849.2	4000	5000	116
NC_001849.2	5000	10000	0
NC_001849.2	10000	11000	38
NC_001849.2	11000	15000	0
NC_001849.2	15000	16000	19
NC_001849.2	16000	1522000	0
NC_000949.1	0	15000	0
NC_000949.1	15000	16000	41
NC_000949.1	16000	28000	0
NC_000949.1	28000	29000	67
NC_000949.1	29000	1522000	0
NC_001855.1	0	1000	14
NC_001855.1	1000	3000	0
NC_001855.1	3000	4000	53
NC_001855.1	4000	5000	2
NC_001855.1	5000	19000	0
NC_001855.1	19000	20000	13
NC_001855.1	20000	21000	0
NC_001855.1	21000	22000	12
NC_001855.1	22000	35000	0
NC_001855.1	35000	36000	5
NC_001855.1	36000	1522000	0
NC_001318.1	0	1000	238
NC_001318.1	1000	2000	284
NC_001318.1	2000	3000	307
NC_001318.1	3000	4000	244
NC_001318.1	4000	5000	300
NC_001318.1	5000	6000	289
NC_001318.1	6000	7000	298
NC_001318.1	7000	8000	301
NC_001318.1	8000	9000	295
NC_001318.1	9000	10000	287
NC_001318.1	10000	11000	290
NC_001318.1	11000	12000	281
NC_001318.1	12000	13000	289
NC_001318.1	13000	14000	283
NC_001318.1	14000	15000	290
NC_001318.1	15000	16000	7
NC_001318.1	16000	903000	0
NC_001318.1	903000	904000	7
NC_001318.1	904000	905000	0
NC_001318.1	905000	906000	43
NC_001318.1	906000	910000	0
NC_001318.1	910000	911000	1
NC_001318.1	911000	1522000	0
NC_001854.1	0	1000	0
NC_001854.1	1000	2000	87
NC_001854.1	2000	3000	123
NC_001854.1	3000	26000	0
NC_001854.1	26000	27000	13
NC_001854.1	27000	1522000	0
NC_001851.2	0	1000	16
NC_001851.2	1000	5000	0
NC_001851.2	5000	6000	8
NC_001851.2	6000	9000	0
NC_001851.2	9000	10000	11
NC_001851.2	10000	11000	6
NC_001851.2	11000	12000	24
NC_001851.2	12000	13000	42
NC_001851.2	13000	1522000	0
NC_000953.1	0	15000	0
NC_000953.1	15000	16000	149
NC_000953.1	16000	17000	22
NC_000953.1	17000	18000	206
NC_000953.1	18000	28000	0
NC_000953.1	28000	29000	43
NC_000953.1	29000	30000	24
NC_000953.1	30000	1522000	0
NC_001852.1	0	1000	36
NC_001852.1	1000	2000	0
NC_001852.1	2000	3000	53
NC_001852.1	3000	7000	0
NC_001852.1	7000	8000	190
NC_001852.1	8000	9000	242
NC_001852.1	9000	10000	88
NC_001852.1	10000	11000	244
NC_001852.1	11000	1522000	0
NC_000952.1	0	1000	1935
NC_000952.1	1000	2000	790
NC_000952.1	2000	27000	0
NC_000952.1	27000	28000	50
NC_000952.1	28000	29000	79
NC_000952.1	29000	1522000	0
NC_000948.1	0	18000	0
NC_000948.1	18000	19000	101
NC_000948.1	19000	1522000	0
