NC_001857.2	0	1000	47
NC_001857.2	1000	16000	0
NC_001857.2	16000	17000	134
NC_001857.2	17000	49000	0
NC_001857.2	49000	50000	21
NC_001857.2	50000	1522000	0
NC_000956.1	0	1000	8
NC_000956.1	1000	1522000	0
NC_001903.1	0	1000	345
NC_001903.1	1000	2000	24
NC_001903.1	2000	25000	0
NC_001903.1	25000	26000	4
NC_001903.1	26000	1522000	0
NC_001853.1	0	1000	59
NC_001853.1	1000	1522000	0
NC_001850.1	0	1000	127
NC_001850.1	1000	1522000	0
NC_000951.1	0	3000	0
NC_000951.1	3000	4000	7
NC_000951.1	4000	15000	0
NC_000951.1	15000	16000	32
NC_000951.1	16000	18000	0
NC_000951.1	18000	19000	74
NC_000951.1	19000	25000	0
NC_000951.1	25000	26000	99
NC_000951.1	26000	27000	17
NC_000951.1	27000	28000	0
NC_000951.1	28000	29000	28
NC_000951.1	29000	1522000	0
NC_000954.1	0	1000	0
NC_000954.1	1000	2000	10
NC_000954.1	2000	5000	0
NC_000954.1	5000	6000	4
NC_000954.1	6000	28000	0
NC_000954.1	28000	29000	81
NC_000954.1	29000	1522000	0
NC_000950.1	0	1000	120
NC_000950.1	1000	15000	0
NC_000950.1	15000	16000	1
NC_000950.1	16000	1522000	0
NC_001849.2	0	3000	0
NC_001849.2	3000	4000	1
NC_001849.2	4000	5000	149
NC_001849.2	5000	15000	0
NC_001849.2	15000	16000	21
NC_001849.2	16000	1522000	0
NC_000949.1	0	1000	7
NC_000949.1	1000	2000	1
NC_000949.1	2000	12000	0
NC_000949.1	12000	13000	6
NC_000949.1	13000	1522000	0
NC_001855.1	0	1000	20
NC_001855.1	1000	2000	16
NC_001855.1	2000	3000	0
NC_001855.1	3000	4000	63
NC_001855.1	4000	5000	32
NC_001855.1	5000	34000	0
NC_001855.1	34000	35000	8
NC_001855.1	35000	1522000	0
NC_000957.1	0	2000	0
NC_000957.1	2000	3000	1
NC_000957.1	3000	1522000	0
NC_001318.1	0	1000	278
NC_001318.1	1000	2000	285
NC_001318.1	2000	3000	308
NC_001318.1	3000	4000	247
NC_001318.1	4000	5000	299
NC_001318.1	5000	6000	284
NC_001318.1	6000	7000	333
NC_001318.1	7000	8000	298
NC_001318.1	8000	9000	317
NC_001318.1	9000	10000	295
NC_001318.1	10000	11000	296
NC_001318.1	11000	12000	294
NC_001318.1	12000	13000	277
NC_001318.1	13000	14000	301
NC_001318.1	14000	15000	290
NC_001318.1	15000	16000	312
NC_001318.1	16000	17000	44
NC_001318.1	17000	1522000	0
NC_001854.1	0	1000	2
NC_001854.1	1000	2000	23
NC_001854.1	2000	7000	0
NC_001854.1	7000	8000	24
NC_001854.1	8000	9000	169
NC_001854.1	9000	25000	0
NC_001854.1	25000	26000	3
NC_001854.1	26000	27000	3
NC_001854.1	27000	1522000	0
NC_001851.2	0	1000	17
NC_001851.2	1000	9000	0
NC_001851.2	9000	10000	11
NC_001851.2	10000	11000	7
NC_001851.2	11000	1522000	0
NC_000953.1	0	12000	0
NC_000953.1	12000	13000	9
NC_000953.1	13000	27000	0
NC_000953.1	27000	28000	11
NC_000953.1	28000	1522000	0
NC_001852.1	0	3000	0
NC_001852.1	3000	4000	38
NC_001852.1	4000	7000	0
NC_001852.1	7000	8000	186
NC_001852.1	8000	9000	241
NC_001852.1	9000	10000	62
NC_001852.1	10000	18000	0
NC_001852.1	18000	19000	26
NC_001852.1	19000	20000	247
NC_001852.1	20000	29000	0
NC_001852.1	29000	30000	25
NC_001852.1	30000	1522000	0
NC_000952.1	0	1000	0
NC_000952.1	1000	2000	2
NC_000952.1	2000	3000	0
NC_000952.1	3000	4000	68
NC_000952.1	4000	5000	359
NC_000952.1	5000	6000	0
NC_000952.1	6000	7000	16
NC_000952.1	7000	9000	0
NC_000952.1	9000	10000	14
NC_000952.1	10000	11000	11
NC_000952.1	11000	12000	0
NC_000952.1	12000	13000	5
NC_000952.1	13000	16000	0
NC_000952.1	16000	17000	19
NC_000952.1	17000	1522000	0
NC_000948.1	0	3000	0
NC_000948.1	3000	4000	32
NC_000948.1	4000	18000	0
NC_000948.1	18000	19000	75
NC_000948.1	19000	20000	7
NC_000948.1	20000	23000	0
NC_000948.1	23000	24000	144
NC_000948.1	24000	1522000	0
NC_001904.1	0	1000	27
NC_001904.1	1000	4000	0
NC_001904.1	4000	5000	3
NC_001904.1	5000	6000	0
NC_001904.1	6000	7000	10
NC_001904.1	7000	1522000	0
