NC_001853.1
27578 28601
NC_000949.1
6082 15138
17339 17565
18025 18671
26657 30223
NC_001855.1
2198 3807
17088 19301
23198 36849
NC_001318.1
905068 905197
NC_001854.1
1 1626
24149 25238
25878 26168
NC_001904.1
1 9386
NC_000948.1
1 30750
NC_001857.2
46465 49337
NC_001856.1
1 30312
30314 30402
30404 38829
NC_000951.1
9445 15157
16490 17389
26217 29838
NC_000950.1
1 895
9401 15142
16431 17565
22194 27622
28808 30299
NC_001850.1
4830 6063
6065 9452
10843 21222
21238 21834
21838 24177
NC_000956.1
2393 18688
20322 31816
36936 50243
50807 52971
NC_001903.1
NC_001851.2
1 1666
2110 9848
10523 11926
15551 28155
NC_001852.1
4118 8845
8935 9742
23728 29355
NC_000957.1
1 4529
4531 5228
NC_000954.1
1 10239
10393 10461
14692 15287
16957 17043
17329 17771
22396 22923
27035 30651
NC_000955.2
1 2437
3691 3811
4551 5241
5514 6361
6667 6786
7234 7357
7600 7662
7976 8721
8874 9110
9293 9977
10625 11794
12045 12229
12470 12597
12974 14389
NC_001849.2
1 3996
10187 10427
15332 15431
NC_000953.1
9435 15141
16734 16967
17537 26855
NC_000952.1
9957 10320
11226 22985
25226 30800
