NC_001853.1
27578 28601
NC_000949.1
9396 15138
17393 18671
26772 30223
NC_001855.1
2198 3807
17088 19301
23198 34384
35482 36849
NC_001318.1
1 50
905068 905197
NC_001854.1
1 1626
24149 25238
25878 26168
26873 27323
NC_001904.1
1 217
2662 2815
5840 6051
9331 9386
NC_000948.1
1 11761
14767 30750
NC_001857.2
15805 16073
46465 47130
48387 49337
NC_001856.1
1 30312
30314 30402
30404 38829
NC_000951.1
5974 15157
16490 17389
20802 29838
NC_000950.1
9401 11933
12888 17565
22194 30299
NC_001850.1
4830 6063
6065 9452
10810 21222
21238 21834
21838 24177
NC_000956.1
1 18688
20322 26703
36936 52971
NC_001903.1
NC_001851.2
1 146
2110 5165
7967 9848
10523 11926
15551 28155
NC_001852.1
4118 7459
NC_000957.1
1 4529
4531 5228
NC_000954.1
1 30651
NC_000955.2
3673 3733
4055 4487
4888 5139
5327 5763
6042 6102
6169 6229
6478 6664
7162 7222
7495 7662
8037 8158
8293 8479
8793 9042
9802 10364
10617 10868
11621 11920
12158 12299
13292 13667
13877 13937
NC_001849.2
1 139
315 773
1679 3996
10187 10427
15332 15431
NC_000953.1
1 12162
14767 15141
NC_000952.1
14774 16876
16975 18804
20840 26215
