NC_001853.1
27578 28601
NC_000949.1
8543 16341
17393 19040
26772 28169
28987 30223
NC_001855.1
2198 3807
17088 19301
21589 21821
23198 34384
NC_001318.1
910079 910355
910469 910724
NC_001854.1
1 1626
24149 25238
25878 26343
26873 27323
NC_001904.1
1 9386
NC_000948.1
1 18168
22373 30750
NC_001857.2
15805 16073
48446 49143
NC_001856.1
1 30312
30314 30402
30404 38829
NC_000951.1
1 2579
5057 6280
7250 11999
12813 29838
NC_000950.1
10053 10359
12984 16888
17170 26958
27492 30299
NC_001850.1
4830 6063
6065 9452
10843 21222
21238 21834
21838 24177
NC_000956.1
1 18688
20524 25856
33808 50243
50807 52971
NC_001903.1
NC_001851.2
2110 5404
7967 9777
10523 11926
15551 28155
NC_001852.1
4118 7459
23728 29766
NC_000957.1
1 4529
4531 5228
NC_000954.1
9453 10226
10371 10441
12468 15287
16841 20671
26276 28966
30035 30651
NC_000955.2
2326 8277
8409 8532
8847 12362
NC_001849.2
1 3996
10187 10427
15332 15431
NC_000953.1
1 15141
NC_000952.1
14774 16416
16855 22779
22884 28116
28980 30800
