NC_001857.2	0	1000	238
NC_001857.2	1000	49000	0
NC_001857.2	49000	50000	14
NC_001857.2	50000	1522000	0
NC_000954.1	0	18000	0
NC_000954.1	18000	19000	103
NC_000954.1	19000	28000	0
NC_000954.1	28000	29000	58
NC_000954.1	29000	1522000	0
NC_001856.1	0	1000	245
NC_001856.1	1000	2000	110
NC_001856.1	2000	1522000	0
NC_001849.2	0	1000	0
NC_001849.2	1000	2000	189
NC_001849.2	2000	1522000	0
NC_001850.1	0	1000	109
NC_001850.1	1000	6000	0
NC_001850.1	6000	7000	210
NC_001850.1	7000	1522000	0
NC_000951.1	0	1000	432
NC_000951.1	1000	2000	66
NC_000951.1	2000	27000	0
NC_000951.1	27000	28000	56
NC_000951.1	28000	29000	29
NC_000951.1	29000	1522000	0
NC_001853.1	0	3000	0
NC_001853.1	3000	4000	32
NC_001853.1	4000	5000	391
NC_001853.1	5000	6000	81
NC_001853.1	6000	1522000	0
NC_000950.1	0	1000	307
NC_000950.1	1000	9000	0
NC_000950.1	9000	10000	154
NC_000950.1	10000	11000	0
NC_000950.1	11000	12000	135
NC_000950.1	12000	13000	149
NC_000950.1	13000	21000	0
NC_000950.1	21000	22000	16
NC_000950.1	22000	23000	120
NC_000950.1	23000	28000	0
NC_000950.1	28000	29000	92
NC_000950.1	29000	1522000	0
NC_000949.1	0	15000	0
NC_000949.1	15000	16000	99
NC_000949.1	16000	1522000	0
NC_001903.1	0	1000	318
NC_001903.1	1000	1522000	0
NC_001318.1	0	1000	5
NC_001318.1	1000	2000	234
NC_001318.1	2000	37000	0
NC_001318.1	37000	38000	63
NC_001318.1	38000	39000	102
NC_001318.1	39000	73000	0
NC_001318.1	73000	74000	114
NC_001318.1	74000	75000	287
NC_001318.1	75000	76000	31
NC_001318.1	76000	162000	0
NC_001318.1	162000	163000	18
NC_001318.1	163000	165000	0
NC_001318.1	165000	166000	10
NC_001318.1	166000	167000	0
NC_001318.1	167000	168000	1
NC_001318.1	168000	169000	0
NC_001318.1	169000	170000	131
NC_001318.1	170000	194000	0
NC_001318.1	194000	195000	141
NC_001318.1	195000	196000	41
NC_001318.1	196000	220000	0
NC_001318.1	220000	221000	121
NC_001318.1	221000	238000	0
NC_001318.1	238000	239000	9
NC_001318.1	239000	240000	72
NC_001318.1	240000	253000	0
NC_001318.1	253000	254000	69
NC_001318.1	254000	260000	0
NC_001318.1	260000	261000	75
NC_001318.1	261000	262000	254
NC_001318.1	262000	330000	0
NC_001318.1	330000	331000	69
NC_001318.1	331000	345000	0
NC_001318.1	345000	346000	14
NC_001318.1	346000	347000	19
NC_001318.1	347000	348000	337
NC_001318.1	348000	349000	64
NC_001318.1	349000	395000	0
NC_001318.1	395000	396000	34
NC_001318.1	396000	404000	0
NC_001318.1	404000	405000	13
NC_001318.1	405000	408000	0
NC_001318.1	408000	409000	51
NC_001318.1	409000	419000	0
NC_001318.1	419000	420000	127
NC_001318.1	420000	437000	0
NC_001318.1	437000	438000	3
NC_001318.1	438000	441000	0
NC_001318.1	441000	442000	163
NC_001318.1	442000	443000	128
NC_001318.1	443000	506000	0
NC_001318.1	506000	507000	83
NC_001318.1	507000	508000	105
NC_001318.1	508000	546000	0
NC_001318.1	546000	547000	40
NC_001318.1	547000	548000	2
NC_001318.1	548000	553000	0
NC_001318.1	553000	554000	105
NC_001318.1	554000	565000	0
NC_001318.1	565000	566000	60
NC_001318.1	566000	567000	141
NC_001318.1	567000	604000	0
NC_001318.1	604000	605000	25
NC_001318.1	605000	611000	0
NC_001318.1	611000	612000	99
NC_001318.1	612000	633000	0
NC_001318.1	633000	634000	60
NC_001318.1	634000	644000	0
NC_001318.1	644000	645000	233
NC_001318.1	645000	696000	0
NC_001318.1	696000	697000	235
NC_001318.1	697000	698000	107
NC_001318.1	698000	758000	0
NC_001318.1	758000	759000	62
NC_001318.1	759000	760000	25
NC_001318.1	760000	776000	0
NC_001318.1	776000	777000	1
NC_001318.1	777000	778000	7
NC_001318.1	778000	779000	61
NC_001318.1	779000	790000	0
NC_001318.1	790000	791000	45
NC_001318.1	791000	792000	52
NC_001318.1	792000	807000	0
NC_001318.1	807000	808000	71
NC_001318.1	808000	823000	0
NC_001318.1	823000	824000	27
NC_001318.1	824000	829000	0
NC_001318.1	829000	830000	115
NC_001318.1	830000	831000	308
NC_001318.1	831000	832000	54
NC_001318.1	832000	1522000	0
NC_001854.1	0	1000	0
NC_001854.1	1000	2000	84
NC_001854.1	2000	3000	105
NC_001854.1	3000	1522000	0
NC_001851.2	0	1000	0
NC_001851.2	1000	2000	10
NC_001851.2	2000	1522000	0
NC_001855.1	0	1000	23
NC_001855.1	1000	1522000	0
NC_001852.1	0	1000	319
NC_001852.1	1000	2000	272
NC_001852.1	2000	3000	35
NC_001852.1	3000	7000	0
NC_001852.1	7000	8000	188
NC_001852.1	8000	9000	271
NC_001852.1	9000	1522000	0
NC_000952.1	0	18000	0
NC_000952.1	18000	19000	73
NC_000952.1	19000	20000	179
NC_000952.1	20000	22000	0
NC_000952.1	22000	23000	111
NC_000952.1	23000	1522000	0
