NC_001853.1
1 1595
2124 2245
4040 4164
27039 27273
27275 28601
NC_000949.1
1 11359
14767 15113
17288 30223
NC_001855.1
1 388
2198 3759
23198 34384
35526 36849
NC_001318.1
905811 910724
NC_001854.1
1 1051
24149 25238
25878 27323
NC_001904.1
1 6910
NC_000948.1
1 18184
20833 30750
NC_001857.2
46465 47130
48399 49356
NC_001856.1
NC_000951.1
14745 17716
26524 29838
NC_000950.1
1 3126
6503 14013
14532 15142
16426 21804
22166 22247
22623 30299
NC_001850.1
1 2439
2441 3600
3602 6063
NC_000956.1
1 18688
19972 25518
36936 52971
NC_001903.1
NC_001851.2
1643 5404
5758 12120
15539 28155
NC_001852.1
1 316
1729 2804
4118 7459
29596 29766
NC_000957.1
1 4529
4531 5228
NC_000954.1
1 12078
13732 26166
27811 30651
NC_000955.2
1 1061
NC_001849.2
332 2130
2677 4155
4258 4515
NC_000953.1
1 5684
14767 15067
16830 18157
22946 30885
NC_000952.1
1 17239
27922 30800
