NC_001852.1	0	1000	32
NC_001852.1	1000	2000	0
NC_001852.1	2000	3000	121
NC_001852.1	3000	4000	19
NC_001852.1	4000	8000	0
NC_001852.1	8000	9000	2
NC_001852.1	9000	10000	66
NC_001852.1	10000	18000	0
NC_001852.1	18000	19000	26
NC_001852.1	19000	20000	80
NC_001852.1	20000	1522000	0
NC_000949.1	0	15000	0
NC_000949.1	15000	16000	68
NC_000949.1	16000	23000	0
NC_000949.1	23000	24000	67
NC_000949.1	24000	28000	0
NC_000949.1	28000	29000	55
NC_000949.1	29000	1522000	0
NC_000954.1	0	17000	0
NC_000954.1	17000	18000	7
NC_000954.1	18000	28000	0
NC_000954.1	28000	29000	82
NC_000954.1	29000	1522000	0
NC_001853.1	0	1000	80
NC_001853.1	1000	1522000	0
NC_001849.2	0	3000	0
NC_001849.2	3000	4000	1
NC_001849.2	4000	5000	157
NC_001849.2	5000	15000	0
NC_001849.2	15000	16000	20
NC_001849.2	16000	1522000	0
NC_001850.1	0	1000	128
NC_001850.1	1000	9000	0
NC_001850.1	9000	10000	32
NC_001850.1	10000	1522000	0
NC_000951.1	0	1000	884
NC_000951.1	1000	17000	0
NC_000951.1	17000	18000	108
NC_000951.1	18000	22000	0
NC_000951.1	22000	23000	77
NC_000951.1	23000	1522000	0
NC_000955.2	0	16000	0
NC_000955.2	16000	17000	7
NC_000955.2	17000	1522000	0
NC_000950.1	0	1000	274
NC_000950.1	1000	21000	0
NC_000950.1	21000	22000	27
NC_000950.1	22000	23000	110
NC_000950.1	23000	1522000	0
NC_000956.1	0	1000	85
NC_000956.1	1000	18000	0
NC_000956.1	18000	19000	31
NC_000956.1	19000	26000	0
NC_000956.1	26000	27000	101
NC_000956.1	27000	31000	0
NC_000956.1	31000	32000	73
NC_000956.1	32000	33000	104
NC_000956.1	33000	1522000	0
NC_001903.1	0	1000	350
NC_001903.1	1000	2000	20
NC_001903.1	2000	1522000	0
NC_001318.1	0	1000	276
NC_001318.1	1000	2000	213
NC_001318.1	2000	104000	0
NC_001318.1	104000	105000	226
NC_001318.1	105000	106000	153
NC_001318.1	106000	171000	0
NC_001318.1	171000	172000	214
NC_001318.1	172000	173000	23
NC_001318.1	173000	221000	0
NC_001318.1	221000	222000	249
NC_001318.1	222000	223000	286
NC_001318.1	223000	224000	326
NC_001318.1	224000	225000	126
NC_001318.1	225000	408000	0
NC_001318.1	408000	409000	219
NC_001318.1	409000	438000	0
NC_001318.1	438000	439000	184
NC_001318.1	439000	440000	288
NC_001318.1	440000	441000	272
NC_001318.1	441000	442000	307
NC_001318.1	442000	443000	36
NC_001318.1	443000	643000	0
NC_001318.1	643000	644000	198
NC_001318.1	644000	645000	286
NC_001318.1	645000	646000	295
NC_001318.1	646000	647000	33
NC_001318.1	647000	823000	0
NC_001318.1	823000	824000	1
NC_001318.1	824000	825000	198
NC_001318.1	825000	826000	206
NC_001318.1	826000	903000	0
NC_001318.1	903000	904000	9
NC_001318.1	904000	905000	0
NC_001318.1	905000	906000	24
NC_001318.1	906000	1522000	0
NC_001854.1	0	1000	0
NC_001854.1	1000	2000	85
NC_001854.1	2000	3000	97
NC_001854.1	3000	26000	0
NC_001854.1	26000	27000	28
NC_001854.1	27000	1522000	0
NC_001851.2	0	1000	5
NC_001851.2	1000	2000	9
NC_001851.2	2000	5000	0
NC_001851.2	5000	6000	12
NC_001851.2	6000	9000	0
NC_001851.2	9000	10000	11
NC_001851.2	10000	11000	6
NC_001851.2	11000	1522000	0
NC_001855.1	0	1000	21
NC_001855.1	1000	7000	0
NC_001855.1	7000	8000	69
NC_001855.1	8000	9000	12
NC_001855.1	9000	17000	0
NC_001855.1	17000	18000	26
NC_001855.1	18000	19000	3
NC_001855.1	19000	35000	0
NC_001855.1	35000	36000	13
NC_001855.1	36000	1522000	0
NC_000953.1	0	15000	0
NC_000953.1	15000	16000	296
NC_000953.1	16000	17000	8
NC_000953.1	17000	28000	0
NC_000953.1	28000	29000	75
NC_000953.1	29000	1522000	0
NC_001904.1	0	2000	0
NC_001904.1	2000	3000	13
NC_001904.1	3000	4000	0
NC_001904.1	4000	5000	55
NC_001904.1	5000	6000	0
NC_001904.1	6000	7000	28
NC_001904.1	7000	8000	10
NC_001904.1	8000	1522000	0
NC_001857.2	0	1000	75
NC_001857.2	1000	16000	0
NC_001857.2	16000	17000	118
NC_001857.2	17000	49000	0
NC_001857.2	49000	50000	27
NC_001857.2	50000	1522000	0
NC_000952.1	0	1000	371
NC_000952.1	1000	1522000	0
NC_000948.1	0	1000	306
NC_000948.1	1000	11000	0
NC_000948.1	11000	12000	8
NC_000948.1	12000	13000	100
NC_000948.1	13000	1522000	0
