NC_001857.2	0	1000	216
NC_001857.2	1000	46000	0
NC_001857.2	46000	47000	8
NC_001857.2	47000	49000	0
NC_001857.2	49000	50000	26
NC_001857.2	50000	1522000	0
NC_000949.1	0	16000	0
NC_000949.1	16000	17000	1
NC_000949.1	17000	21000	0
NC_000949.1	21000	22000	64
NC_000949.1	22000	29000	0
NC_000949.1	29000	30000	4
NC_000949.1	30000	1522000	0
NC_000954.1	0	6000	0
NC_000954.1	6000	7000	16
NC_000954.1	7000	8000	13
NC_000954.1	8000	15000	0
NC_000954.1	15000	16000	25
NC_000954.1	16000	17000	0
NC_000954.1	17000	18000	98
NC_000954.1	18000	19000	101
NC_000954.1	19000	25000	0
NC_000954.1	25000	26000	21
NC_000954.1	26000	1522000	0
NC_001903.1	0	1000	116
NC_001903.1	1000	9000	0
NC_001903.1	9000	10000	314
NC_001903.1	10000	1522000	0
NC_001850.1	0	1000	27
NC_001850.1	1000	3000	0
NC_001850.1	3000	4000	28
NC_001850.1	4000	9000	0
NC_001850.1	9000	10000	30
NC_001850.1	10000	1522000	0
NC_000955.2	0	2000	0
NC_000955.2	2000	3000	7
NC_000955.2	3000	14000	0
NC_000955.2	14000	15000	1
NC_000955.2	15000	16000	4
NC_000955.2	16000	18000	0
NC_000955.2	18000	19000	7
NC_000955.2	19000	1522000	0
NC_000951.1	0	1000	145
NC_000951.1	1000	2000	1
NC_000951.1	2000	3000	11
NC_000951.1	3000	4000	0
NC_000951.1	4000	5000	3
NC_000951.1	5000	10000	0
NC_000951.1	10000	11000	197
NC_000951.1	11000	15000	0
NC_000951.1	15000	16000	17
NC_000951.1	16000	17000	0
NC_000951.1	17000	18000	231
NC_000951.1	18000	19000	43
NC_000951.1	19000	22000	0
NC_000951.1	22000	23000	67
NC_000951.1	23000	1522000	0
NC_001853.1	0	1000	5
NC_001853.1	1000	2000	21
NC_001853.1	2000	4000	0
NC_001853.1	4000	5000	286
NC_001853.1	5000	6000	32
NC_001853.1	6000	1522000	0
NC_000950.1	0	5000	0
NC_000950.1	5000	6000	2
NC_000950.1	6000	7000	13
NC_000950.1	7000	15000	0
NC_000950.1	15000	16000	25
NC_000950.1	16000	17000	0
NC_000950.1	17000	18000	137
NC_000950.1	18000	19000	7
NC_000950.1	19000	21000	0
NC_000950.1	21000	22000	16
NC_000950.1	22000	1522000	0
NC_001849.2	0	2000	0
NC_001849.2	2000	3000	10
NC_001849.2	3000	4000	1
NC_001849.2	4000	5000	136
NC_001849.2	5000	10000	0
NC_001849.2	10000	11000	32
NC_001849.2	11000	13000	0
NC_001849.2	13000	14000	7
NC_001849.2	14000	15000	0
NC_001849.2	15000	16000	42
NC_001849.2	16000	1522000	0
NC_000956.1	0	1000	4
NC_000956.1	1000	32000	0
NC_000956.1	32000	33000	73
NC_000956.1	33000	1522000	0
NC_001855.1	0	1000	16
NC_001855.1	1000	3000	0
NC_001855.1	3000	4000	51
NC_001855.1	4000	5000	2
NC_001855.1	5000	19000	0
NC_001855.1	19000	20000	23
NC_001855.1	20000	34000	0
NC_001855.1	34000	35000	11
NC_001855.1	35000	36000	0
NC_001855.1	36000	37000	1
NC_001855.1	37000	1522000	0
NC_001318.1	0	1000	237
NC_001318.1	1000	2000	286
NC_001318.1	2000	3000	299
NC_001318.1	3000	4000	249
NC_001318.1	4000	5000	293
NC_001318.1	5000	6000	294
NC_001318.1	6000	7000	293
NC_001318.1	7000	8000	209
NC_001318.1	8000	438000	0
NC_001318.1	438000	439000	6
NC_001318.1	439000	441000	0
NC_001318.1	441000	442000	146
NC_001318.1	442000	443000	280
NC_001318.1	443000	444000	268
NC_001318.1	444000	445000	298
NC_001318.1	445000	446000	273
NC_001318.1	446000	447000	280
NC_001318.1	447000	448000	280
NC_001318.1	448000	449000	292
NC_001318.1	449000	450000	48
NC_001318.1	450000	903000	0
NC_001318.1	903000	904000	3
NC_001318.1	904000	905000	3
NC_001318.1	905000	906000	2
NC_001318.1	906000	907000	58
NC_001318.1	907000	1522000	0
NC_001854.1	0	1000	0
NC_001854.1	1000	2000	72
NC_001854.1	2000	3000	113
NC_001854.1	3000	26000	0
NC_001854.1	26000	27000	16
NC_001854.1	27000	1522000	0
NC_001851.2	0	9000	0
NC_001851.2	9000	10000	11
NC_001851.2	10000	11000	5
NC_001851.2	11000	12000	25
NC_001851.2	12000	13000	42
NC_001851.2	13000	1522000	0
NC_000948.1	0	10000	0
NC_000948.1	10000	11000	10
NC_000948.1	11000	1522000	0
NC_000953.1	0	15000	0
NC_000953.1	15000	16000	35
NC_000953.1	16000	17000	13
NC_000953.1	17000	26000	0
NC_000953.1	26000	27000	21
NC_000953.1	27000	28000	44
NC_000953.1	28000	1522000	0
NC_001852.1	0	1000	0
NC_001852.1	1000	2000	17
NC_001852.1	2000	3000	0
NC_001852.1	3000	4000	39
NC_001852.1	4000	8000	0
NC_001852.1	8000	9000	2
NC_001852.1	9000	10000	86
NC_001852.1	10000	11000	301
NC_001852.1	11000	29000	0
NC_001852.1	29000	30000	16
NC_001852.1	30000	1522000	0
NC_000952.1	0	1000	495
NC_000952.1	1000	22000	0
NC_000952.1	22000	23000	46
NC_000952.1	23000	24000	13
NC_000952.1	24000	28000	0
NC_000952.1	28000	29000	3
NC_000952.1	29000	1522000	0
NC_000957.1	0	2000	0
NC_000957.1	2000	3000	23
NC_000957.1	3000	1522000	0
