NC_001853.1
NC_000949.1
1 3113
28839 28996
29558 30223
NC_001855.1
34503 34650
35677 35986
NC_001318.1
NC_001854.1
1 1051
26169 27323
NC_001904.1
1 217
2662 2815
5840 6051
9331 9386
NC_000948.1
1 30750
NC_001857.2
NC_001856.1
1 30312
30314 30402
30404 38829
NC_000951.1
NC_000950.1
NC_001850.1
1 105
NC_000956.1
1909 2360
50346 52971
NC_001903.1
NC_001851.2
28027 28155
NC_001852.1
NC_000957.1
1 4529
4531 5228
NC_000954.1
NC_000955.2
1 1061
3673 3733
4055 4487
4888 5139
5327 5763
6042 6102
6169 6229
6478 6664
7162 7222
7495 7662
8037 8158
8293 8479
9043 9103
9532 9655
9783 9906
10663 10786
11538 11661
NC_001849.2
13216 16821
NC_000953.1
1 11092
12044 18916
19467 20586
20796 27873
NC_000952.1
16480 16815
17464 18804
22702 27856
