NC_001857.2	0	1000	303
NC_001857.2	1000	1522000	0
NC_001849.2	0	1000	0
NC_001849.2	1000	2000	5
NC_001849.2	2000	4000	0
NC_001849.2	4000	5000	80
NC_001849.2	5000	10000	0
NC_001849.2	10000	11000	21
NC_001849.2	11000	1522000	0
NC_001850.1	0	1000	136
NC_001850.1	1000	1522000	0
NC_000951.1	0	11000	0
NC_000951.1	11000	12000	355
NC_000951.1	12000	13000	169
NC_000951.1	13000	26000	0
NC_000951.1	26000	27000	14
NC_000951.1	27000	28000	53
NC_000951.1	28000	29000	22
NC_000951.1	29000	1522000	0
NC_000950.1	0	9000	0
NC_000950.1	9000	10000	11
NC_000950.1	10000	21000	0
NC_000950.1	21000	22000	16
NC_000950.1	22000	1522000	0
NC_000949.1	0	1000	144
NC_000949.1	1000	1522000	0
NC_001903.1	0	1000	290
NC_001903.1	1000	1522000	0
NC_001318.1	0	1000	271
NC_001318.1	1000	2000	318
NC_001318.1	2000	3000	232
NC_001318.1	3000	4000	216
NC_001318.1	4000	5000	316
NC_001318.1	5000	6000	267
NC_001318.1	6000	7000	229
NC_001318.1	7000	8000	279
NC_001318.1	8000	9000	270
NC_001318.1	9000	10000	269
NC_001318.1	10000	11000	168
NC_001318.1	11000	1522000	0
NC_001854.1	0	1000	15
NC_001854.1	1000	2000	33
NC_001854.1	2000	3000	165
NC_001854.1	3000	1522000	0
NC_001851.2	0	1000	0
NC_001851.2	1000	2000	9
NC_001851.2	2000	1522000	0
NC_001855.1	0	1000	162
NC_001855.1	1000	1522000	0
NC_001852.1	0	1000	76
NC_001852.1	1000	1522000	0
NC_000952.1	0	1000	239
NC_000952.1	1000	10000	0
NC_000952.1	10000	11000	143
NC_000952.1	11000	16000	0
NC_000952.1	16000	17000	9
NC_000952.1	17000	18000	0
NC_000952.1	18000	19000	342
NC_000952.1	19000	20000	68
NC_000952.1	20000	27000	0
NC_000952.1	27000	28000	59
NC_000952.1	28000	29000	60
NC_000952.1	29000	1522000	0
NC_000948.1	0	1000	104
NC_000948.1	1000	5000	0
NC_000948.1	5000	6000	186
NC_000948.1	6000	7000	231
NC_000948.1	7000	1522000	0
