NC_001853.1
1 3913
26626 27273
27275 28601
NC_000949.1
1 15113
17288 18257
22854 30223
NC_001855.1
2198 36849
NC_001318.1
903438 910724
NC_001854.1
1 1626
24149 25238
25878 27323
NC_001904.1
1 9386
NC_000948.1
1 22283
24137 30750
NC_001857.2
46465 49337
NC_001856.1
1 30312
30314 30402
30404 38829
NC_000951.1
14786 15139
16486 17360
20938 29838
NC_000950.1
9406 11455
17157 21804
22166 22247
25908 30299
NC_001850.1
5800 6063
NC_000956.1
1 18734
19977 27826
29894 30928
36936 52971
NC_001903.1
NC_001851.2
1 1666
2110 28155
NC_001852.1
NC_000957.1
1 1151
2952 4529
4531 5228
NC_000954.1
5721 6068
6425 18242
22409 30651
NC_000955.2
1 18777
NC_001849.2
1 1341
NC_000953.1
1 26855
27428 28891
29749 30885
NC_000952.1
1 16878
17561 22548
27922 30800
