NC_001853.1
1 12884
12886 27273
27275 28601
NC_000949.1
1 6594
12083 25328
26610 30223
NC_001855.1
2198 3807
22236 27359
30847 32659
34387 36849
NC_001318.1
903438 910724
NC_001854.1
1 1626
24149 25238
25878 27323
NC_001904.1
1 217
1285 1698
2464 6910
9319 9386
NC_000948.1
1 30750
NC_001857.2
46465 49337
NC_001856.1
9661 10286
30063 30312
30314 30402
30404 31154
NC_000951.1
780 1712
3229 18570
19034 24127
26217 29732
NC_000950.1
1 8155
8671 11933
14886 15076
17170 20405
20671 21795
22166 22247
23712 30299
NC_001850.1
1 2439
2441 3600
3602 6063
6065 6155
19548 21092
23306 23378
NC_000956.1
1 10407
10900 18622
19972 20838
28290 52971
NC_001903.1
NC_001851.2
1 1666
2110 3726
4986 28155
NC_001852.1
1 89
18063 19124
29587 29766
NC_000957.1
1 4529
4531 5228
NC_000954.1
1 5438
6303 12170
14830 15242
16913 17064
17544 18242
22409 28942
29745 30651
NC_000955.2
1 18777
NC_001849.2
1 1439
4258 4515
NC_000953.1
1 1713
10060 10208
14726 17213
17329 30885
NC_000952.1
1 3802
5108 8142
9347 19813
20563 20645
26194 28505
29085 30800
