NC_001857.2	0	1000	250
NC_001857.2	1000	46000	0
NC_001857.2	46000	47000	28
NC_001857.2	47000	1522000	0
NC_001849.2	0	3000	0
NC_001849.2	3000	4000	193
NC_001849.2	4000	15000	0
NC_001849.2	15000	16000	17
NC_001849.2	16000	1522000	0
NC_001318.1	0	1000	282
NC_001318.1	1000	2000	292
NC_001318.1	2000	3000	320
NC_001318.1	3000	4000	272
NC_001318.1	4000	5000	137
NC_001318.1	5000	6000	296
NC_001318.1	6000	7000	299
NC_001318.1	7000	8000	321
NC_001318.1	8000	9000	297
NC_001318.1	9000	10000	279
NC_001318.1	10000	11000	249
NC_001318.1	11000	12000	286
NC_001318.1	12000	13000	298
NC_001318.1	13000	14000	309
NC_001318.1	14000	15000	277
NC_001318.1	15000	16000	271
NC_001318.1	16000	17000	187
NC_001318.1	17000	1522000	0
NC_000957.1	0	1000	1
NC_000957.1	1000	2000	25
NC_000957.1	2000	1522000	0
NC_001903.1	0	1000	181
NC_001903.1	1000	17000	0
NC_001903.1	17000	18000	73
NC_001903.1	18000	1522000	0
