NC_001853.1
1 12884
12886 27273
27275 28601
NC_000949.1
9396 10212
17362 17415
17992 23430
26199 27016
28103 30223
NC_001855.1
2198 3759
18946 19219
23198 36849
NC_001318.1
1 100
435179 438423
905027 905351
908925 910724
NC_001854.1
1 1626
7338 7877
24149 25238
25878 26343
26873 27323
NC_001904.1
1 9386
NC_000948.1
1 30750
NC_001857.2
48363 49337
NC_001856.1
1 30312
30314 30402
30404 38829
NC_000951.1
1 29838
NC_000950.1
1 30299
NC_001850.1
6327 21222
21238 21834
21838 24177
NC_000956.1
2393 16052
18432 18960
19972 20838
30001 31816
35885 52623
NC_001903.1
17146 17453
NC_001851.2
1 9848
10523 28155
NC_001852.1
4118 29766
NC_000957.1
91 1151
2952 4529
4531 5228
NC_000954.1
1 30651
NC_000955.2
1 18777
NC_001849.2
1 2130
2677 4005
13215 13277
15332 15431
NC_000953.1
1 30885
NC_000952.1
1 433
9957 10320
10661 11287
14733 15130
16773 16825
17272 18181
