NC_001857.2	0	1000	53
NC_001857.2	1000	16000	0
NC_001857.2	16000	17000	98
NC_001857.2	17000	47000	0
NC_001857.2	47000	48000	2
NC_001857.2	48000	49000	0
NC_001857.2	49000	50000	14
NC_001857.2	50000	1522000	0
NC_000949.1	0	1000	184
NC_000949.1	1000	2000	16
NC_000949.1	2000	16000	0
NC_000949.1	16000	17000	42
NC_000949.1	17000	1522000	0
NC_001849.2	0	3000	0
NC_001849.2	3000	4000	1
NC_001849.2	4000	5000	134
NC_001849.2	5000	10000	0
NC_001849.2	10000	11000	25
NC_001849.2	11000	13000	0
NC_001849.2	13000	14000	15
NC_001849.2	14000	15000	0
NC_001849.2	15000	16000	23
NC_001849.2	16000	1522000	0
NC_001850.1	0	9000	0
NC_001850.1	9000	10000	29
NC_001850.1	10000	1522000	0
NC_000951.1	0	1000	235
NC_000951.1	1000	15000	0
NC_000951.1	15000	16000	19
NC_000951.1	16000	17000	0
NC_000951.1	17000	18000	132
NC_000951.1	18000	1522000	0
NC_001853.1	0	1000	71
NC_001853.1	1000	1522000	0
NC_000950.1	0	1000	274
NC_000950.1	1000	15000	0
NC_000950.1	15000	16000	17
NC_000950.1	16000	17000	0
NC_000950.1	17000	18000	148
NC_000950.1	18000	1522000	0
NC_000956.1	0	1000	84
NC_000956.1	1000	18000	0
NC_000956.1	18000	19000	31
NC_000956.1	19000	26000	0
NC_000956.1	26000	27000	90
NC_000956.1	27000	28000	89
NC_000956.1	28000	31000	0
NC_000956.1	31000	32000	209
NC_000956.1	32000	33000	237
NC_000956.1	33000	34000	35
NC_000956.1	34000	1522000	0
NC_001903.1	0	1000	26
NC_001903.1	1000	2000	151
NC_001903.1	2000	3000	229
NC_001903.1	3000	1522000	0
NC_001318.1	0	1000	237
NC_001318.1	1000	2000	280
NC_001318.1	2000	3000	314
NC_001318.1	3000	4000	292
NC_001318.1	4000	5000	289
NC_001318.1	5000	6000	293
NC_001318.1	6000	7000	295
NC_001318.1	7000	8000	305
NC_001318.1	8000	9000	283
NC_001318.1	9000	10000	284
NC_001318.1	10000	11000	302
NC_001318.1	11000	12000	294
NC_001318.1	12000	13000	285
NC_001318.1	13000	14000	279
NC_001318.1	14000	15000	303
NC_001318.1	15000	16000	15
NC_001318.1	16000	903000	0
NC_001318.1	903000	904000	6
NC_001318.1	904000	905000	0
NC_001318.1	905000	906000	37
NC_001318.1	906000	1522000	0
NC_001854.1	0	1000	0
NC_001854.1	1000	2000	54
NC_001854.1	2000	3000	147
NC_001854.1	3000	26000	0
NC_001854.1	26000	27000	19
NC_001854.1	27000	1522000	0
NC_001851.2	0	1000	19
NC_001851.2	1000	2000	9
NC_001851.2	2000	5000	0
NC_001851.2	5000	6000	24
NC_001851.2	6000	9000	0
NC_001851.2	9000	10000	11
NC_001851.2	10000	11000	5
NC_001851.2	11000	12000	23
NC_001851.2	12000	13000	40
NC_001851.2	13000	1522000	0
NC_001855.1	0	1000	21
NC_001855.1	1000	3000	0
NC_001855.1	3000	4000	52
NC_001855.1	4000	5000	1
NC_001855.1	5000	19000	0
NC_001855.1	19000	20000	25
NC_001855.1	20000	35000	0
NC_001855.1	35000	36000	9
NC_001855.1	36000	1522000	0
NC_000953.1	0	1000	0
NC_000953.1	1000	2000	299
NC_000953.1	2000	3000	45
NC_000953.1	3000	15000	0
NC_000953.1	15000	16000	192
NC_000953.1	16000	17000	12
NC_000953.1	17000	18000	14
NC_000953.1	18000	26000	0
NC_000953.1	26000	27000	21
NC_000953.1	27000	28000	79
NC_000953.1	28000	1522000	0
NC_001852.1	0	1000	38
NC_001852.1	1000	2000	0
NC_001852.1	2000	3000	53
NC_001852.1	3000	4000	37
NC_001852.1	4000	8000	0
NC_001852.1	8000	9000	2
NC_001852.1	9000	10000	91
NC_001852.1	10000	11000	271
NC_001852.1	11000	28000	0
NC_001852.1	28000	29000	38
NC_001852.1	29000	1522000	0
NC_000952.1	0	1000	700
NC_000952.1	1000	2000	207
NC_000952.1	2000	3000	103
NC_000952.1	3000	18000	0
NC_000952.1	18000	19000	70
NC_000952.1	19000	20000	13
NC_000952.1	20000	21000	15
NC_000952.1	21000	22000	0
NC_000952.1	22000	23000	94
NC_000952.1	23000	24000	220
NC_000952.1	24000	1522000	0
