NC_001853.1
1 234
27578 28601
NC_000949.1
3136 15138
26657 30118
NC_001855.1
2198 3807
17088 19301
21589 21821
23198 35363
35549 35699
NC_001318.1
213962 214103
910079 910355
910469 910724
NC_001854.1
1 1626
24149 25238
25878 26343
26873 27323
NC_001904.1
741 937
2202 2514
NC_000948.1
1 3789
5249 20476
20798 30750
NC_001857.2
15805 16073
48446 49143
NC_001856.1
1 30312
30314 30402
30404 38829
NC_000951.1
9445 18847
22884 29838
NC_000950.1
9406 10359
12984 16713
16787 21804
22166 22247
25359 30299
NC_001850.1
4830 6063
6065 9452
10843 21222
21238 21834
21838 24177
NC_000956.1
1 339
2393 11486
12012 18688
20230 25480
25556 25856
33808 50243
50807 52971
NC_001903.1
NC_001851.2
2110 5404
7967 9777
10523 11926
15551 28155
NC_001852.1
4118 7459
23728 29766
NC_000957.1
1 4529
4531 5228
NC_000954.1
10093 10226
10371 10441
14692 15287
16962 17043
26276 29068
29747 30651
NC_000955.2
2326 5913
6045 6166
6567 13355
13482 13544
14040 14107
14516 14576
NC_001849.2
1 3996
10187 10427
15332 15431
NC_000953.1
9435 15141
NC_000952.1
1 3007
5288 8018
9434 10550
11399 27875
30082 30800
