NC_001857.2	0	1000	221
NC_001857.2	1000	2000	42
NC_001857.2	2000	1522000	0
NC_001849.2	0	1000	0
NC_001849.2	1000	2000	2
NC_001849.2	2000	3000	1
NC_001849.2	3000	4000	0
NC_001849.2	4000	5000	81
NC_001849.2	5000	10000	0
NC_001849.2	10000	11000	2
NC_001849.2	11000	1522000	0
NC_001318.1	0	1000	167
NC_001318.1	1000	2000	277
NC_001318.1	2000	3000	285
NC_001318.1	3000	4000	270
NC_001318.1	4000	5000	274
NC_001318.1	5000	6000	244
NC_001318.1	6000	7000	287
NC_001318.1	7000	8000	266
NC_001318.1	8000	9000	276
NC_001318.1	9000	10000	38
NC_001318.1	10000	1522000	0
NC_001854.1	0	1000	16
NC_001854.1	1000	1522000	0
NC_001903.1	0	1000	173
NC_001903.1	1000	1522000	0
