NC_001857.2	0	1000	7
NC_001857.2	1000	1522000	0
NC_000956.1	0	1000	1
NC_000956.1	1000	33000	0
NC_000956.1	33000	34000	53
NC_000956.1	34000	1522000	0
NC_000954.1	0	1000	37
NC_000954.1	1000	1522000	0
NC_001903.1	0	1000	3
NC_001903.1	1000	1522000	0
NC_000951.1	0	1000	347
NC_000951.1	1000	2000	141
NC_000951.1	2000	1522000	0
NC_000950.1	0	1000	136
NC_000950.1	1000	1522000	0
NC_000949.1	0	9000	0
NC_000949.1	9000	10000	2
NC_000949.1	10000	1522000	0
NC_001849.2	0	1000	3
NC_001849.2	1000	1522000	0
NC_001318.1	0	1000	104
NC_001318.1	1000	1522000	0
NC_001851.2	0	1000	41
NC_001851.2	1000	1522000	0
NC_000953.1	0	27000	0
NC_000953.1	27000	28000	45
NC_000953.1	28000	29000	51
NC_000953.1	29000	1522000	0
NC_000948.1	0	1000	15
NC_000948.1	1000	6000	0
NC_000948.1	6000	7000	86
NC_000948.1	7000	8000	59
NC_000948.1	8000	17000	0
NC_000948.1	17000	18000	70
NC_000948.1	18000	22000	0
NC_000948.1	22000	23000	67
NC_000948.1	23000	24000	198
NC_000948.1	24000	1522000	0
