NC_001857.2	0	1000	11
NC_001857.2	1000	1522000	0
NC_000949.1	0	1000	15
NC_000949.1	1000	17000	0
NC_000949.1	17000	18000	10
NC_000949.1	18000	20000	0
NC_000949.1	20000	21000	36
NC_000949.1	21000	1522000	0
NC_000954.1	0	1000	76
NC_000954.1	1000	17000	0
NC_000954.1	17000	18000	8
NC_000954.1	18000	1522000	0
NC_001856.1	0	1000	2
NC_001856.1	1000	1522000	0
NC_001853.1	0	1000	0
NC_001853.1	1000	2000	2
NC_001853.1	2000	1522000	0
NC_001850.1	0	1000	7
NC_001850.1	1000	1522000	0
NC_000951.1	0	18000	0
NC_000951.1	18000	19000	60
NC_000951.1	19000	1522000	0
NC_000955.2	0	1000	0
NC_000955.2	1000	2000	13
NC_000955.2	2000	3000	0
NC_000955.2	3000	4000	6
NC_000955.2	4000	5000	8
NC_000955.2	5000	6000	37
NC_000955.2	6000	7000	11
NC_000955.2	7000	8000	13
NC_000955.2	8000	9000	10
NC_000955.2	9000	10000	42
NC_000955.2	10000	11000	19
NC_000955.2	11000	12000	50
NC_000955.2	12000	13000	19
NC_000955.2	13000	14000	46
NC_000955.2	14000	15000	13
NC_000955.2	15000	1522000	0
NC_000950.1	0	1000	1
NC_000950.1	1000	5000	0
NC_000950.1	5000	6000	3
NC_000950.1	6000	8000	0
NC_000950.1	8000	9000	13
NC_000950.1	9000	1522000	0
NC_000956.1	0	2000	0
NC_000956.1	2000	3000	227
NC_000956.1	3000	4000	46
NC_000956.1	4000	28000	0
NC_000956.1	28000	29000	10
NC_000956.1	29000	33000	0
NC_000956.1	33000	34000	49
NC_000956.1	34000	1522000	0
NC_001903.1	0	1000	3
NC_001903.1	1000	1522000	0
NC_001318.1	0	1000	60
NC_001318.1	1000	1522000	0
NC_001854.1	0	1000	0
NC_001854.1	1000	2000	65
NC_001854.1	2000	26000	0
NC_001854.1	26000	27000	2
NC_001854.1	27000	1522000	0
NC_001851.2	0	1000	6
NC_001851.2	1000	21000	0
NC_001851.2	21000	22000	13
NC_001851.2	22000	23000	50
NC_001851.2	23000	24000	5
NC_001851.2	24000	26000	0
NC_001851.2	26000	27000	1
NC_001851.2	27000	1522000	0
NC_000953.1	0	4000	0
NC_000953.1	4000	5000	20
NC_000953.1	5000	11000	0
NC_000953.1	11000	12000	91
NC_000953.1	12000	13000	268
NC_000953.1	13000	23000	0
NC_000953.1	23000	24000	134
NC_000953.1	24000	28000	0
NC_000953.1	28000	29000	144
NC_000953.1	29000	1522000	0
NC_001904.1	0	1000	76
NC_001904.1	1000	2000	0
NC_001904.1	2000	3000	69
NC_001904.1	3000	4000	24
NC_001904.1	4000	5000	0
NC_001904.1	5000	6000	2
NC_001904.1	6000	7000	100
NC_001904.1	7000	1522000	0
NC_000952.1	0	1000	871
NC_000952.1	1000	2000	370
NC_000952.1	2000	3000	16
NC_000952.1	3000	8000	0
NC_000952.1	8000	9000	2
NC_000952.1	9000	10000	19
NC_000952.1	10000	11000	0
NC_000952.1	11000	12000	353
NC_000952.1	12000	13000	22
NC_000952.1	13000	28000	0
NC_000952.1	28000	29000	25
NC_000952.1	29000	1522000	0
NC_000948.1	0	3000	0
NC_000948.1	3000	4000	13
NC_000948.1	4000	20000	0
NC_000948.1	20000	21000	59
NC_000948.1	21000	22000	5
NC_000948.1	22000	1522000	0
