NC_001853.1
27578 28601
NC_000949.1
4886 10339
14767 15120
17339 17565
18025 18671
26772 30223
NC_001855.1
2198 3807
17088 19301
23198 36849
NC_001318.1
905068 905197
NC_001854.1
1 1626
24149 25238
25878 26168
NC_001904.1
1 217
1285 1698
9319 9386
NC_000948.1
1 30750
NC_001857.2
15805 16073
46465 47130
48399 49356
NC_001856.1
1 30312
30314 30402
30404 38829
NC_000951.1
10019 10231
14786 29838
NC_000950.1
1 21804
22166 22247
25815 30299
NC_001850.1
4830 6063
6065 9452
10843 21222
21238 21834
21838 24177
NC_000956.1
2393 8355
12904 18688
20322 20556
24574 26284
36936 50243
50807 52971
NC_001903.1
17146 17453
NC_001851.2
1 1666
2110 9848
10523 11926
15551 28155
NC_001852.1
4118 29766
NC_000957.1
1 1151
2952 4529
4531 5228
NC_000954.1
9414 15287
16957 17043
17329 17771
18159 18242
22396 30651
NC_000955.2
1 18777
NC_001849.2
1 3996
10187 10427
15332 15431
NC_000953.1
1 15123
16734 17199
22550 30885
NC_000952.1
1 5782
14774 22778
26604 30800
