NC_001853.1
1 1633
NC_000949.1
1 3113
NC_001855.1
NC_001318.1
NC_001854.1
1 1051
26169 27323
NC_001904.1
1 217
2662 2815
5840 6051
9331 9386
NC_000948.1
1 30750
NC_001857.2
NC_001856.1
NC_000951.1
17534 20801
26220 29838
NC_000950.1
NC_001850.1
NC_000956.1
1909 2360
51363 52971
NC_001903.1
NC_001851.2
27408 28155
NC_001852.1
NC_000957.1
1 4529
4531 5228
NC_000954.1
NC_000955.2
3673 3733
3883 3945
4188 4676
4944 5006
5390 5450
5635 5759
6540 6663
7162 7222
7476 7599
8037 8158
8293 8479
9043 9103
11287 11349
11421 11483
11984 12166
NC_001849.2
NC_000953.1
1 27873
NC_000952.1
1 1006
26184 27856
28810 30800
