NC_001857.2	0	1000	89
NC_001857.2	1000	16000	0
NC_001857.2	16000	17000	115
NC_001857.2	17000	49000	0
NC_001857.2	49000	50000	23
NC_001857.2	50000	1522000	0
NC_000956.1	0	1000	109
NC_000956.1	1000	18000	0
NC_000956.1	18000	19000	53
NC_000956.1	19000	25000	0
NC_000956.1	25000	26000	1
NC_000956.1	26000	27000	87
NC_000956.1	27000	36000	0
NC_000956.1	36000	37000	19
NC_000956.1	37000	38000	35
NC_000956.1	38000	1522000	0
NC_000954.1	0	1000	229
NC_000954.1	1000	17000	0
NC_000954.1	17000	18000	12
NC_000954.1	18000	22000	0
NC_000954.1	22000	23000	15
NC_000954.1	23000	1522000	0
NC_001853.1	0	1000	122
NC_001853.1	1000	1522000	0
NC_001849.2	0	2000	0
NC_001849.2	2000	3000	16
NC_001849.2	3000	4000	1
NC_001849.2	4000	5000	145
NC_001849.2	5000	15000	0
NC_001849.2	15000	16000	19
NC_001849.2	16000	1522000	0
NC_001850.1	0	1000	135
NC_001850.1	1000	9000	0
NC_001850.1	9000	10000	30
NC_001850.1	10000	1522000	0
NC_000951.1	0	17000	0
NC_000951.1	17000	18000	19
NC_000951.1	18000	19000	75
NC_000951.1	19000	20000	64
NC_000951.1	20000	23000	0
NC_000951.1	23000	24000	259
NC_000951.1	24000	27000	0
NC_000951.1	27000	28000	73
NC_000951.1	28000	29000	11
NC_000951.1	29000	1522000	0
NC_000955.2	0	16000	0
NC_000955.2	16000	17000	7
NC_000955.2	17000	1522000	0
NC_000950.1	0	1000	249
NC_000950.1	1000	21000	0
NC_000950.1	21000	22000	17
NC_000950.1	22000	23000	104
NC_000950.1	23000	1522000	0
NC_000949.1	0	1000	223
NC_000949.1	1000	15000	0
NC_000949.1	15000	16000	62
NC_000949.1	16000	27000	0
NC_000949.1	27000	28000	9
NC_000949.1	28000	29000	75
NC_000949.1	29000	1522000	0
NC_001903.1	0	1000	339
NC_001903.1	1000	2000	16
NC_001903.1	2000	1522000	0
NC_001318.1	0	1000	274
NC_001318.1	1000	2000	286
NC_001318.1	2000	3000	314
NC_001318.1	3000	4000	225
NC_001318.1	4000	5000	284
NC_001318.1	5000	6000	289
NC_001318.1	6000	7000	322
NC_001318.1	7000	8000	291
NC_001318.1	8000	9000	315
NC_001318.1	9000	10000	296
NC_001318.1	10000	11000	270
NC_001318.1	11000	12000	289
NC_001318.1	12000	13000	285
NC_001318.1	13000	14000	282
NC_001318.1	14000	15000	294
NC_001318.1	15000	16000	284
NC_001318.1	16000	17000	74
NC_001318.1	17000	1522000	0
NC_001854.1	0	1000	0
NC_001854.1	1000	2000	73
NC_001854.1	2000	3000	119
NC_001854.1	3000	26000	0
NC_001854.1	26000	27000	17
NC_001854.1	27000	1522000	0
NC_001851.2	0	9000	0
NC_001851.2	9000	10000	12
NC_001851.2	10000	11000	6
NC_001851.2	11000	1522000	0
NC_001855.1	0	1000	18
NC_001855.1	1000	3000	0
NC_001855.1	3000	4000	58
NC_001855.1	4000	19000	0
NC_001855.1	19000	20000	15
NC_001855.1	20000	1522000	0
NC_000953.1	0	15000	0
NC_000953.1	15000	16000	25
NC_000953.1	16000	28000	0
NC_000953.1	28000	29000	41
NC_000953.1	29000	30000	20
NC_000953.1	30000	1522000	0
NC_001904.1	0	1000	28
NC_001904.1	1000	2000	112
NC_001904.1	2000	3000	3
NC_001904.1	3000	6000	0
NC_001904.1	6000	7000	27
NC_001904.1	7000	1522000	0
NC_000952.1	0	1000	790
NC_000952.1	1000	2000	414
NC_000952.1	2000	1522000	0
NC_001852.1	0	1000	34
NC_001852.1	1000	2000	0
NC_001852.1	2000	3000	51
NC_001852.1	3000	4000	39
NC_001852.1	4000	8000	0
NC_001852.1	8000	9000	2
NC_001852.1	9000	10000	88
NC_001852.1	10000	11000	336
NC_001852.1	11000	1522000	0
