NC_001853.1
1 12884
12886 27273
27275 28601
NC_000949.1
1 30223
NC_001855.1
1 36849
NC_001318.1
905068 905331
906145 910724
NC_001854.1
1 27323
NC_001904.1
1 9386
NC_000948.1
1 30750
NC_001857.2
1 53657
NC_001856.1
1 30312
30314 30402
30404 38829
NC_000951.1
1 29838
NC_000950.1
1 30299
NC_001850.1
1 2439
2441 3600
3602 6063
6065 21222
21238 21834
21838 24177
NC_000956.1
1 52971
NC_001903.1
NC_001851.2
1 28155
NC_001852.1
1 29766
NC_000957.1
1 4529
4531 5228
NC_000954.1
1 30651
NC_000955.2
1 2437
3672 3857
4171 4229
4562 4624
4888 5076
5575 5826
6167 6229
6579 6641
8657 11159
11421 11920
12972 13036
13306 14181
NC_001849.2
1 16821
NC_000953.1
1 30885
NC_000952.1
1 30800
