NC_001853.1
27578 28601
NC_000949.1
1 30223
NC_001855.1
2198 3759
34563 36849
NC_001318.1
905027 910724
NC_001854.1
1 1626
7338 7877
24149 25238
25878 26168
NC_001904.1
1 203
NC_000948.1
1 18168
20828 23023
26321 30750
NC_001857.2
15805 16084
46465 49146
NC_001856.1
1 30312
30314 30402
30404 38829
NC_000951.1
1 22858
NC_000950.1
9401 30299
NC_001850.1
6327 21222
21238 21834
21838 24177
NC_000956.1
1 18623
20230 25420
26161 52971
NC_001903.1
NC_001851.2
2110 28155
NC_001852.1
4118 8845
8935 9742
NC_000957.1
NC_000954.1
1 13370
16571 17043
17329 30651
NC_000955.2
1 18777
NC_001849.2
1 2130
2677 3996
15332 15431
NC_000953.1
1 27873
NC_000952.1
13278 30800
