NC_001857.2	0	1000	46
NC_001857.2	1000	16000	0
NC_001857.2	16000	17000	118
NC_001857.2	17000	49000	0
NC_001857.2	49000	50000	26
NC_001857.2	50000	1522000	0
NC_000956.1	0	1000	76
NC_000956.1	1000	11000	0
NC_000956.1	11000	12000	14
NC_000956.1	12000	18000	0
NC_000956.1	18000	19000	19
NC_000956.1	19000	25000	0
NC_000956.1	25000	26000	45
NC_000956.1	26000	27000	64
NC_000956.1	27000	29000	0
NC_000956.1	29000	30000	124
NC_000956.1	30000	31000	0
NC_000956.1	31000	32000	139
NC_000956.1	32000	33000	62
NC_000956.1	33000	50000	0
NC_000956.1	50000	51000	14
NC_000956.1	51000	1522000	0
NC_000954.1	0	1000	212
NC_000954.1	1000	10000	0
NC_000954.1	10000	11000	198
NC_000954.1	11000	12000	0
NC_000954.1	12000	13000	86
NC_000954.1	13000	15000	0
NC_000954.1	15000	16000	117
NC_000954.1	16000	17000	0
NC_000954.1	17000	18000	361
NC_000954.1	18000	29000	0
NC_000954.1	29000	30000	10
NC_000954.1	30000	1522000	0
NC_001853.1	0	1000	85
NC_001853.1	1000	1522000	0
NC_001850.1	0	1000	148
NC_001850.1	1000	9000	0
NC_001850.1	9000	10000	31
NC_001850.1	10000	1522000	0
NC_000951.1	0	1000	242
NC_000951.1	1000	8000	0
NC_000951.1	8000	9000	34
NC_000951.1	9000	18000	0
NC_000951.1	18000	19000	60
NC_000951.1	19000	20000	42
NC_000951.1	20000	1522000	0
NC_000955.2	0	1000	30
NC_000955.2	1000	5000	0
NC_000955.2	5000	6000	1
NC_000955.2	6000	7000	14
NC_000955.2	7000	13000	0
NC_000955.2	13000	14000	27
NC_000955.2	14000	15000	17
NC_000955.2	15000	16000	0
NC_000955.2	16000	17000	15
NC_000955.2	17000	1522000	0
NC_001903.1	0	1000	312
NC_001903.1	1000	18000	0
NC_001903.1	18000	19000	30
NC_001903.1	19000	20000	0
NC_001903.1	20000	21000	32
NC_001903.1	21000	1522000	0
NC_000950.1	0	1000	316
NC_000950.1	1000	6000	0
NC_000950.1	6000	7000	20
NC_000950.1	7000	10000	0
NC_000950.1	10000	11000	78
NC_000950.1	11000	16000	0
NC_000950.1	16000	17000	2
NC_000950.1	17000	21000	0
NC_000950.1	21000	22000	16
NC_000950.1	22000	23000	131
NC_000950.1	23000	1522000	0
NC_001849.2	0	3000	0
NC_001849.2	3000	4000	1
NC_001849.2	4000	5000	116
NC_001849.2	5000	10000	0
NC_001849.2	10000	11000	34
NC_001849.2	11000	15000	0
NC_001849.2	15000	16000	19
NC_001849.2	16000	1522000	0
NC_000949.1	0	1000	47
NC_000949.1	1000	15000	0
NC_000949.1	15000	16000	38
NC_000949.1	16000	17000	0
NC_000949.1	17000	18000	245
NC_000949.1	18000	1522000	0
NC_001855.1	0	1000	23
NC_001855.1	1000	3000	0
NC_001855.1	3000	4000	53
NC_001855.1	4000	5000	2
NC_001855.1	5000	19000	0
NC_001855.1	19000	20000	13
NC_001855.1	20000	21000	0
NC_001855.1	21000	22000	12
NC_001855.1	22000	35000	0
NC_001855.1	35000	36000	7
NC_001855.1	36000	1522000	0
NC_001318.1	0	1000	238
NC_001318.1	1000	2000	285
NC_001318.1	2000	3000	308
NC_001318.1	3000	4000	194
NC_001318.1	4000	214000	0
NC_001318.1	214000	215000	263
NC_001318.1	215000	216000	296
NC_001318.1	216000	217000	291
NC_001318.1	217000	218000	313
NC_001318.1	218000	219000	292
NC_001318.1	219000	220000	294
NC_001318.1	220000	221000	293
NC_001318.1	221000	222000	273
NC_001318.1	222000	223000	295
NC_001318.1	223000	224000	292
NC_001318.1	224000	225000	279
NC_001318.1	225000	226000	169
NC_001318.1	226000	903000	0
NC_001318.1	903000	904000	5
NC_001318.1	904000	910000	0
NC_001318.1	910000	911000	1
NC_001318.1	911000	1522000	0
NC_001854.1	0	1000	0
NC_001854.1	1000	2000	87
NC_001854.1	2000	3000	126
NC_001854.1	3000	26000	0
NC_001854.1	26000	27000	13
NC_001854.1	27000	1522000	0
NC_001851.2	0	1000	14
NC_001851.2	1000	5000	0
NC_001851.2	5000	6000	8
NC_001851.2	6000	9000	0
NC_001851.2	9000	10000	11
NC_001851.2	10000	11000	6
NC_001851.2	11000	12000	24
NC_001851.2	12000	13000	42
NC_001851.2	13000	1522000	0
NC_000948.1	0	3000	0
NC_000948.1	3000	4000	30
NC_000948.1	4000	20000	0
NC_000948.1	20000	21000	10
NC_000948.1	21000	1522000	0
NC_000953.1	0	1000	350
NC_000953.1	1000	6000	0
NC_000953.1	6000	7000	9
NC_000953.1	7000	8000	80
NC_000953.1	8000	15000	0
NC_000953.1	15000	16000	23
NC_000953.1	16000	17000	21
NC_000953.1	17000	18000	57
NC_000953.1	18000	19000	229
NC_000953.1	19000	1522000	0
NC_001852.1	0	1000	35
NC_001852.1	1000	2000	0
NC_001852.1	2000	3000	53
NC_001852.1	3000	7000	0
NC_001852.1	7000	8000	194
NC_001852.1	8000	9000	249
NC_001852.1	9000	1522000	0
NC_000952.1	0	3000	0
NC_000952.1	3000	4000	40
NC_000952.1	4000	8000	0
NC_000952.1	8000	9000	19
NC_000952.1	9000	10000	0
NC_000952.1	10000	11000	19
NC_000952.1	11000	27000	0
NC_000952.1	27000	28000	50
NC_000952.1	28000	29000	46
NC_000952.1	29000	1522000	0
NC_001904.1	0	1000	6
NC_001904.1	1000	2000	0
NC_001904.1	2000	3000	47
NC_001904.1	3000	6000	0
NC_001904.1	6000	7000	12
NC_001904.1	7000	1522000	0
