NC_001853.1	0	2000	0
NC_001853.1	2000	3000	26
NC_001853.1	3000	4000	143
NC_001853.1	4000	5000	288
NC_001853.1	5000	27000	0
NC_001853.1	27000	28000	1
NC_001853.1	28000	29000	4
NC_001853.1	29000	1522000	0
NC_000949.1	0	16000	0
NC_000949.1	16000	17000	7
NC_000949.1	17000	22000	0
NC_000949.1	22000	23000	34
NC_000949.1	23000	26000	0
NC_000949.1	26000	27000	78
NC_000949.1	27000	1522000	0
NC_001855.1	0	1000	15
NC_001855.1	1000	2000	2
NC_001855.1	2000	3000	10
NC_001855.1	3000	6000	0
NC_001855.1	6000	7000	8
NC_001855.1	7000	8000	55
NC_001855.1	8000	9000	34
NC_001855.1	9000	34000	0
NC_001855.1	34000	35000	11
NC_001855.1	35000	1522000	0
NC_001318.1	0	1000	237
NC_001318.1	1000	2000	295
NC_001318.1	2000	3000	259
NC_001318.1	3000	4000	87
NC_001318.1	4000	5000	291
NC_001318.1	5000	6000	294
NC_001318.1	6000	7000	195
NC_001318.1	7000	441000	0
NC_001318.1	441000	442000	126
NC_001318.1	442000	443000	241
NC_001318.1	443000	556000	0
NC_001318.1	556000	557000	13
NC_001318.1	557000	558000	97
NC_001318.1	558000	586000	0
NC_001318.1	586000	587000	47
NC_001318.1	587000	588000	156
NC_001318.1	588000	634000	0
NC_001318.1	634000	635000	56
NC_001318.1	635000	636000	139
NC_001318.1	636000	637000	271
NC_001318.1	637000	638000	261
NC_001318.1	638000	639000	251
NC_001318.1	639000	640000	37
NC_001318.1	640000	905000	0
NC_001318.1	905000	906000	12
NC_001318.1	906000	1522000	0
NC_001854.1	0	1000	2
NC_001854.1	1000	2000	14
NC_001854.1	2000	7000	0
NC_001854.1	7000	8000	30
NC_001854.1	8000	9000	126
NC_001854.1	9000	25000	0
NC_001854.1	25000	26000	3
NC_001854.1	26000	1522000	0
NC_001904.1	0	1000	76
NC_001904.1	1000	2000	0
NC_001904.1	2000	3000	69
NC_001904.1	3000	4000	24
NC_001904.1	4000	5000	0
NC_001904.1	5000	6000	2
NC_001904.1	6000	7000	100
NC_001904.1	7000	1522000	0
NC_000948.1	0	20000	0
NC_000948.1	20000	21000	35
NC_000948.1	21000	26000	0
NC_000948.1	26000	27000	5
NC_000948.1	27000	1522000	0
NC_001857.2	0	1000	55
NC_001857.2	1000	16000	0
NC_001857.2	16000	17000	82
NC_001857.2	17000	46000	0
NC_001857.2	46000	47000	3
NC_001857.2	47000	48000	32
NC_001857.2	48000	1522000	0
NC_001856.1	0	1000	54
NC_001856.1	1000	2000	180
NC_001856.1	2000	23000	0
NC_001856.1	23000	24000	84
NC_001856.1	24000	29000	0
NC_001856.1	29000	30000	110
NC_001856.1	30000	1522000	0
NC_000951.1	0	1000	233
NC_000951.1	1000	2000	6
NC_000951.1	2000	3000	0
NC_000951.1	3000	4000	197
NC_000951.1	4000	9000	0
NC_000951.1	9000	10000	23
NC_000951.1	10000	11000	63
NC_000951.1	11000	12000	0
NC_000951.1	12000	13000	108
NC_000951.1	13000	15000	0
NC_000951.1	15000	16000	50
NC_000951.1	16000	17000	0
NC_000951.1	17000	18000	106
NC_000951.1	18000	19000	319
NC_000951.1	19000	22000	0
NC_000951.1	22000	23000	192
NC_000951.1	23000	24000	11
NC_000951.1	24000	28000	0
NC_000951.1	28000	29000	10
NC_000951.1	29000	1522000	0
NC_000950.1	0	1000	384
NC_000950.1	1000	7000	0
NC_000950.1	7000	8000	6
NC_000950.1	8000	9000	2
NC_000950.1	9000	14000	0
NC_000950.1	14000	15000	7
NC_000950.1	15000	16000	20
NC_000950.1	16000	20000	0
NC_000950.1	20000	21000	22
NC_000950.1	21000	1522000	0
NC_001850.1	0	1000	152
NC_001850.1	1000	6000	0
NC_001850.1	6000	7000	185
NC_001850.1	7000	19000	0
NC_001850.1	19000	20000	95
NC_001850.1	20000	1522000	0
NC_000956.1	0	24000	0
NC_000956.1	24000	25000	7
NC_000956.1	25000	26000	167
NC_000956.1	26000	27000	213
NC_000956.1	27000	28000	0
NC_000956.1	28000	29000	8
NC_000956.1	29000	31000	0
NC_000956.1	31000	32000	140
NC_000956.1	32000	33000	63
NC_000956.1	33000	34000	67
NC_000956.1	34000	1522000	0
NC_001903.1	0	1000	343
NC_001903.1	1000	10000	0
NC_001903.1	10000	11000	150
NC_001903.1	11000	12000	66
NC_001903.1	12000	20000	0
NC_001903.1	20000	21000	21
NC_001903.1	21000	1522000	0
NC_001851.2	0	1000	3
NC_001851.2	1000	10000	0
NC_001851.2	10000	11000	42
NC_001851.2	11000	1522000	0
NC_001852.1	0	1000	56
NC_001852.1	1000	3000	0
NC_001852.1	3000	4000	15
NC_001852.1	4000	7000	0
NC_001852.1	7000	8000	74
NC_001852.1	8000	9000	90
NC_001852.1	9000	10000	209
NC_001852.1	10000	18000	0
NC_001852.1	18000	19000	52
NC_001852.1	19000	20000	457
NC_001852.1	20000	21000	34
NC_001852.1	21000	22000	0
NC_001852.1	22000	23000	8
NC_001852.1	23000	24000	0
NC_001852.1	24000	25000	37
NC_001852.1	25000	27000	0
NC_001852.1	27000	28000	3
NC_001852.1	28000	29000	14
NC_001852.1	29000	1522000	0
NC_000957.1	0	1000	0
NC_000957.1	1000	2000	69
NC_000957.1	2000	1522000	0
NC_000954.1	0	5000	0
NC_000954.1	5000	6000	7
NC_000954.1	6000	26000	0
NC_000954.1	26000	27000	31
NC_000954.1	27000	28000	0
NC_000954.1	28000	29000	15
NC_000954.1	29000	1522000	0
NC_000955.2	0	1000	0
NC_000955.2	1000	2000	36
NC_000955.2	2000	12000	0
NC_000955.2	12000	13000	11
NC_000955.2	13000	14000	30
NC_000955.2	14000	15000	26
NC_000955.2	15000	1522000	0
NC_001849.2	0	3000	0
NC_001849.2	3000	4000	1
NC_001849.2	4000	5000	88
NC_001849.2	5000	8000	0
NC_001849.2	8000	9000	41
NC_001849.2	9000	10000	49
NC_001849.2	10000	13000	0
NC_001849.2	13000	14000	31
NC_001849.2	14000	1522000	0
NC_000953.1	0	12000	0
NC_000953.1	12000	13000	10
NC_000953.1	13000	15000	0
NC_000953.1	15000	16000	32
NC_000953.1	16000	17000	23
NC_000953.1	17000	18000	112
NC_000953.1	18000	19000	0
NC_000953.1	19000	20000	10
NC_000953.1	20000	24000	0
NC_000953.1	24000	25000	4
NC_000953.1	25000	26000	0
NC_000953.1	26000	27000	19
NC_000953.1	27000	28000	36
NC_000953.1	28000	1522000	0
NC_000952.1	0	1000	389
NC_000952.1	1000	2000	39
NC_000952.1	2000	22000	0
NC_000952.1	22000	23000	36
NC_000952.1	23000	24000	177
NC_000952.1	24000	25000	3
NC_000952.1	25000	28000	0
NC_000952.1	28000	29000	2
NC_000952.1	29000	1522000	0
