NC_001857.2	0	1000	57
NC_001857.2	1000	16000	0
NC_001857.2	16000	17000	109
NC_001857.2	17000	47000	0
NC_001857.2	47000	48000	6
NC_001857.2	48000	49000	0
NC_001857.2	49000	50000	15
NC_001857.2	50000	1522000	0
NC_000956.1	0	1000	84
NC_000956.1	1000	18000	0
NC_000956.1	18000	19000	48
NC_000956.1	19000	25000	0
NC_000956.1	25000	26000	1
NC_000956.1	26000	27000	89
NC_000956.1	27000	28000	90
NC_000956.1	28000	31000	0
NC_000956.1	31000	32000	134
NC_000956.1	32000	33000	147
NC_000956.1	33000	50000	0
NC_000956.1	50000	51000	15
NC_000956.1	51000	1522000	0
NC_001849.2	0	3000	0
NC_001849.2	3000	4000	1
NC_001849.2	4000	5000	134
NC_001849.2	5000	10000	0
NC_001849.2	10000	11000	32
NC_001849.2	11000	15000	0
NC_001849.2	15000	16000	22
NC_001849.2	16000	1522000	0
NC_001850.1	0	1000	152
NC_001850.1	1000	9000	0
NC_001850.1	9000	10000	29
NC_001850.1	10000	1522000	0
NC_000951.1	0	1000	234
NC_000951.1	1000	17000	0
NC_000951.1	17000	18000	246
NC_000951.1	18000	19000	173
NC_000951.1	19000	1522000	0
NC_001853.1	0	1000	120
NC_001853.1	1000	1522000	0
NC_000950.1	0	1000	265
NC_000950.1	1000	11000	0
NC_000950.1	11000	12000	32
NC_000950.1	12000	13000	24
NC_000950.1	13000	17000	0
NC_000950.1	17000	18000	141
NC_000950.1	18000	1522000	0
NC_000949.1	0	1000	443
NC_000949.1	1000	15000	0
NC_000949.1	15000	16000	317
NC_000949.1	16000	17000	54
NC_000949.1	17000	1522000	0
NC_001903.1	0	1000	341
NC_001903.1	1000	2000	27
NC_001903.1	2000	18000	0
NC_001903.1	18000	19000	40
NC_001903.1	19000	1522000	0
NC_001318.1	0	1000	241
NC_001318.1	1000	2000	281
NC_001318.1	2000	3000	310
NC_001318.1	3000	4000	244
NC_001318.1	4000	5000	297
NC_001318.1	5000	6000	289
NC_001318.1	6000	7000	295
NC_001318.1	7000	8000	313
NC_001318.1	8000	9000	288
NC_001318.1	9000	10000	262
NC_001318.1	10000	11000	293
NC_001318.1	11000	12000	280
NC_001318.1	12000	13000	289
NC_001318.1	13000	14000	284
NC_001318.1	14000	15000	288
NC_001318.1	15000	16000	109
NC_001318.1	16000	903000	0
NC_001318.1	903000	904000	6
NC_001318.1	904000	905000	0
NC_001318.1	905000	906000	37
NC_001318.1	906000	1522000	0
NC_001854.1	0	1000	0
NC_001854.1	1000	2000	92
NC_001854.1	2000	3000	88
NC_001854.1	3000	26000	0
NC_001854.1	26000	27000	13
NC_001854.1	27000	1522000	0
NC_001851.2	0	1000	0
NC_001851.2	1000	2000	9
NC_001851.2	2000	9000	0
NC_001851.2	9000	10000	11
NC_001851.2	10000	11000	5
NC_001851.2	11000	12000	23
NC_001851.2	12000	13000	41
NC_001851.2	13000	1522000	0
NC_001855.1	0	1000	20
NC_001855.1	1000	3000	0
NC_001855.1	3000	4000	52
NC_001855.1	4000	5000	1
NC_001855.1	5000	19000	0
NC_001855.1	19000	20000	25
NC_001855.1	20000	1522000	0
NC_000953.1	0	15000	0
NC_000953.1	15000	16000	47
NC_000953.1	16000	1522000	0
NC_001852.1	0	1000	36
NC_001852.1	1000	3000	0
NC_001852.1	3000	4000	37
NC_001852.1	4000	1522000	0
NC_000952.1	0	1000	692
NC_000952.1	1000	2000	47
NC_000952.1	2000	1522000	0
NC_000957.1	0	1000	0
NC_000957.1	1000	2000	66
NC_000957.1	2000	1522000	0
