NC_001857.2	0	1000	228
NC_001857.2	1000	47000	0
NC_001857.2	47000	48000	6
NC_001857.2	48000	49000	0
NC_001857.2	49000	50000	22
NC_001857.2	50000	1522000	0
NC_000956.1	0	1000	6
NC_000956.1	1000	11000	0
NC_000956.1	11000	12000	3
NC_000956.1	12000	19000	0
NC_000956.1	19000	20000	4
NC_000956.1	20000	22000	0
NC_000956.1	22000	23000	23
NC_000956.1	23000	26000	0
NC_000956.1	26000	27000	7
NC_000956.1	27000	28000	0
NC_000956.1	28000	29000	24
NC_000956.1	29000	30000	4
NC_000956.1	30000	1522000	0
NC_000954.1	0	4000	0
NC_000954.1	4000	5000	9
NC_000954.1	5000	16000	0
NC_000954.1	16000	17000	9
NC_000954.1	17000	22000	0
NC_000954.1	22000	23000	33
NC_000954.1	23000	24000	166
NC_000954.1	24000	28000	0
NC_000954.1	28000	29000	7
NC_000954.1	29000	1522000	0
NC_000951.1	0	2000	0
NC_000951.1	2000	3000	5
NC_000951.1	3000	8000	0
NC_000951.1	8000	9000	24
NC_000951.1	9000	10000	0
NC_000951.1	10000	11000	2
NC_000951.1	11000	18000	0
NC_000951.1	18000	19000	14
NC_000951.1	19000	20000	0
NC_000951.1	20000	21000	24
NC_000951.1	21000	24000	0
NC_000951.1	24000	25000	2
NC_000951.1	25000	26000	44
NC_000951.1	26000	1522000	0
NC_001856.1	0	1000	88
NC_001856.1	1000	10000	0
NC_001856.1	10000	11000	152
NC_001856.1	11000	22000	0
NC_001856.1	22000	23000	5
NC_001856.1	23000	24000	48
NC_001856.1	24000	25000	32
NC_001856.1	25000	29000	0
NC_001856.1	29000	30000	13
NC_001856.1	30000	31000	9
NC_001856.1	31000	33000	0
NC_001856.1	33000	34000	67
NC_001856.1	34000	1522000	0
NC_001855.1	0	1000	0
NC_001855.1	1000	2000	4
NC_001855.1	2000	3000	0
NC_001855.1	3000	4000	12
NC_001855.1	4000	5000	0
NC_001855.1	5000	6000	6
NC_001855.1	6000	7000	105
NC_001855.1	7000	34000	0
NC_001855.1	34000	35000	13
NC_001855.1	35000	1522000	0
NC_001853.1	0	1000	0
NC_001853.1	1000	2000	2
NC_001853.1	2000	3000	67
NC_001853.1	3000	4000	0
NC_001853.1	4000	5000	291
NC_001853.1	5000	6000	91
NC_001853.1	6000	1522000	0
NC_000955.2	0	1000	3
NC_000955.2	1000	2000	45
NC_000955.2	2000	3000	0
NC_000955.2	3000	4000	4
NC_000955.2	4000	5000	1
NC_000955.2	5000	13000	0
NC_000955.2	13000	14000	9
NC_000955.2	14000	15000	30
NC_000955.2	15000	1522000	0
NC_000950.1	0	6000	0
NC_000950.1	6000	7000	5
NC_000950.1	7000	9000	0
NC_000950.1	9000	10000	5
NC_000950.1	10000	15000	0
NC_000950.1	15000	16000	5
NC_000950.1	16000	19000	0
NC_000950.1	19000	20000	27
NC_000950.1	20000	21000	0
NC_000950.1	21000	22000	16
NC_000950.1	22000	23000	33
NC_000950.1	23000	1522000	0
NC_001849.2	0	1000	3
NC_001849.2	1000	2000	0
NC_001849.2	2000	3000	15
NC_001849.2	3000	4000	0
NC_001849.2	4000	5000	152
NC_001849.2	5000	6000	16
NC_001849.2	6000	13000	0
NC_001849.2	13000	14000	31
NC_001849.2	14000	1522000	0
NC_000949.1	0	18000	0
NC_000949.1	18000	19000	189
NC_000949.1	19000	22000	0
NC_000949.1	22000	23000	3
NC_000949.1	23000	1522000	0
NC_001903.1	0	1000	332
NC_001903.1	1000	19000	0
NC_001903.1	19000	20000	27
NC_001903.1	20000	1522000	0
NC_001318.1	0	1000	241
NC_001318.1	1000	2000	289
NC_001318.1	2000	3000	308
NC_001318.1	3000	4000	265
NC_001318.1	4000	5000	292
NC_001318.1	5000	6000	295
NC_001318.1	6000	7000	307
NC_001318.1	7000	8000	302
NC_001318.1	8000	9000	300
NC_001318.1	9000	10000	293
NC_001318.1	10000	11000	264
NC_001318.1	11000	12000	293
NC_001318.1	12000	13000	291
NC_001318.1	13000	14000	287
NC_001318.1	14000	15000	279
NC_001318.1	15000	16000	292
NC_001318.1	16000	17000	141
NC_001318.1	17000	1522000	0
NC_001854.1	0	1000	0
NC_001854.1	1000	2000	152
NC_001854.1	2000	24000	0
NC_001854.1	24000	25000	5
NC_001854.1	25000	26000	0
NC_001854.1	26000	27000	20
NC_001854.1	27000	1522000	0
NC_001851.2	0	2000	0
NC_001851.2	2000	3000	5
NC_001851.2	3000	10000	0
NC_001851.2	10000	11000	5
NC_001851.2	11000	1522000	0
NC_000953.1	0	19000	0
NC_000953.1	19000	20000	24
NC_000953.1	20000	24000	0
NC_000953.1	24000	25000	4
NC_000953.1	25000	29000	0
NC_000953.1	29000	30000	19
NC_000953.1	30000	1522000	0
NC_001904.1	0	1000	74
NC_001904.1	1000	2000	0
NC_001904.1	2000	3000	66
NC_001904.1	3000	5000	0
NC_001904.1	5000	6000	2
NC_001904.1	6000	7000	101
NC_001904.1	7000	1522000	0
NC_000952.1	0	8000	0
NC_000952.1	8000	9000	14
NC_000952.1	9000	10000	70
NC_000952.1	10000	15000	0
NC_000952.1	15000	16000	9
NC_000952.1	16000	17000	25
NC_000952.1	17000	18000	182
NC_000952.1	18000	28000	0
NC_000952.1	28000	29000	5
NC_000952.1	29000	1522000	0
NC_000948.1	0	15000	0
NC_000948.1	15000	16000	70
NC_000948.1	16000	1522000	0
NC_001852.1	0	1000	64
NC_001852.1	1000	7000	0
NC_001852.1	7000	8000	3
NC_001852.1	8000	9000	0
NC_001852.1	9000	10000	9
NC_001852.1	10000	11000	0
NC_001852.1	11000	12000	29
NC_001852.1	12000	14000	0
NC_001852.1	14000	15000	34
NC_001852.1	15000	16000	28
NC_001852.1	16000	17000	10
NC_001852.1	17000	18000	0
NC_001852.1	18000	19000	26
NC_001852.1	19000	20000	46
NC_001852.1	20000	21000	0
NC_001852.1	21000	22000	6
NC_001852.1	22000	23000	169
NC_001852.1	23000	26000	0
NC_001852.1	26000	27000	69
NC_001852.1	27000	28000	0
NC_001852.1	28000	29000	8
NC_001852.1	29000	1522000	0
