NC_001853.1
1 1633
28480 28601
NC_000949.1
NC_001855.1
34503 34650
35526 36463
NC_001318.1
1 89
NC_001854.1
1 1051
26169 27323
NC_001904.1
NC_000948.1
16473 17226
NC_001857.2
NC_001856.1
1 30312
30314 30402
30404 38829
NC_000951.1
1 1614
17534 18133
NC_000950.1
NC_001850.1
NC_000956.1
1 1101
1909 2360
51363 52971
NC_001903.1
NC_001851.2
27810 28155
NC_001852.1
NC_000957.1
1 4529
4531 5228
NC_000954.1
NC_000955.2
1 1061
3814 3876
4055 4115
4356 4416
4888 5139
5327 5763
6108 6229
6478 6664
7162 7222
7495 7662
8037 8158
8293 8479
9043 9103
9532 9655
9846 9906
10623 10811
11538 11661
12850 12910
13056 13105
14414 14557
NC_001849.2
NC_000953.1
1 22150
NC_000952.1
20833 27856
