NC_001857.2	0	1000	51
NC_001857.2	1000	16000	0
NC_001857.2	16000	17000	98
NC_001857.2	17000	47000	0
NC_001857.2	47000	48000	3
NC_001857.2	48000	49000	0
NC_001857.2	49000	50000	14
NC_001857.2	50000	1522000	0
NC_000956.1	0	1000	84
NC_000956.1	1000	18000	0
NC_000956.1	18000	19000	19
NC_000956.1	19000	25000	0
NC_000956.1	25000	26000	1
NC_000956.1	26000	27000	190
NC_000956.1	27000	28000	77
NC_000956.1	28000	31000	0
NC_000956.1	31000	32000	66
NC_000956.1	32000	33000	30
NC_000956.1	33000	1522000	0
NC_001903.1	0	1000	344
NC_001903.1	1000	2000	65
NC_001903.1	2000	1522000	0
NC_001850.1	0	9000	0
NC_001850.1	9000	10000	29
NC_001850.1	10000	1522000	0
NC_000951.1	0	1000	235
NC_000951.1	1000	15000	0
NC_000951.1	15000	16000	19
NC_000951.1	16000	17000	0
NC_000951.1	17000	18000	132
NC_000951.1	18000	27000	0
NC_000951.1	27000	28000	114
NC_000951.1	28000	29000	54
NC_000951.1	29000	1522000	0
NC_001853.1	0	1000	71
NC_001853.1	1000	1522000	0
NC_000950.1	0	1000	274
NC_000950.1	1000	15000	0
NC_000950.1	15000	16000	17
NC_000950.1	16000	17000	0
NC_000950.1	17000	18000	148
NC_000950.1	18000	1522000	0
NC_001849.2	0	3000	0
NC_001849.2	3000	4000	1
NC_001849.2	4000	5000	134
NC_001849.2	5000	10000	0
NC_001849.2	10000	11000	32
NC_001849.2	11000	15000	0
NC_001849.2	15000	16000	23
NC_001849.2	16000	1522000	0
NC_000949.1	0	1000	184
NC_000949.1	1000	2000	16
NC_000949.1	2000	16000	0
NC_000949.1	16000	17000	42
NC_000949.1	17000	28000	0
NC_000949.1	28000	29000	60
NC_000949.1	29000	1522000	0
NC_001855.1	0	1000	21
NC_001855.1	1000	3000	0
NC_001855.1	3000	4000	52
NC_001855.1	4000	5000	1
NC_001855.1	5000	19000	0
NC_001855.1	19000	20000	25
NC_001855.1	20000	35000	0
NC_001855.1	35000	36000	8
NC_001855.1	36000	1522000	0
NC_001318.1	0	1000	237
NC_001318.1	1000	2000	279
NC_001318.1	2000	3000	313
NC_001318.1	3000	4000	293
NC_001318.1	4000	5000	290
NC_001318.1	5000	6000	293
NC_001318.1	6000	7000	293
NC_001318.1	7000	8000	112
NC_001318.1	8000	438000	0
NC_001318.1	438000	439000	173
NC_001318.1	439000	440000	285
NC_001318.1	440000	441000	284
NC_001318.1	441000	442000	301
NC_001318.1	442000	443000	286
NC_001318.1	443000	444000	288
NC_001318.1	444000	445000	281
NC_001318.1	445000	446000	305
NC_001318.1	446000	447000	42
NC_001318.1	447000	905000	0
NC_001318.1	905000	906000	9
NC_001318.1	906000	1522000	0
NC_001854.1	0	1000	0
NC_001854.1	1000	2000	83
NC_001854.1	2000	3000	118
NC_001854.1	3000	26000	0
NC_001854.1	26000	27000	19
NC_001854.1	27000	1522000	0
NC_001851.2	0	1000	0
NC_001851.2	1000	2000	9
NC_001851.2	2000	9000	0
NC_001851.2	9000	10000	11
NC_001851.2	10000	11000	5
NC_001851.2	11000	1522000	0
NC_000953.1	0	1000	351
NC_000953.1	1000	15000	0
NC_000953.1	15000	16000	247
NC_000953.1	16000	17000	10
NC_000953.1	17000	18000	5
NC_000953.1	18000	1522000	0
NC_001852.1	0	1000	38
NC_001852.1	1000	2000	0
NC_001852.1	2000	3000	53
NC_001852.1	3000	4000	37
NC_001852.1	4000	7000	0
NC_001852.1	7000	8000	186
NC_001852.1	8000	9000	246
NC_001852.1	9000	10000	62
NC_001852.1	10000	18000	0
NC_001852.1	18000	19000	26
NC_001852.1	19000	20000	289
NC_001852.1	20000	21000	16
NC_001852.1	21000	1522000	0
NC_000952.1	0	1000	746
NC_000952.1	1000	2000	208
NC_000952.1	2000	22000	0
NC_000952.1	22000	23000	89
NC_000952.1	23000	24000	220
NC_000952.1	24000	1522000	0
NC_000957.1	0	1000	0
NC_000957.1	1000	2000	66
NC_000957.1	2000	1522000	0
