NC_001857.2	0	1000	66
NC_001857.2	1000	11000	0
NC_001857.2	11000	12000	249
NC_001857.2	12000	13000	18
NC_001857.2	13000	49000	0
NC_001857.2	49000	50000	24
NC_001857.2	50000	1522000	0
NC_001849.2	0	4000	0
NC_001849.2	4000	5000	148
NC_001849.2	5000	15000	0
NC_001849.2	15000	16000	19
NC_001849.2	16000	1522000	0
NC_001318.1	0	1000	50
NC_001318.1	1000	13000	0
NC_001318.1	13000	14000	118
NC_001318.1	14000	36000	0
NC_001318.1	36000	37000	38
NC_001318.1	37000	38000	123
NC_001318.1	38000	65000	0
NC_001318.1	65000	66000	101
NC_001318.1	66000	86000	0
NC_001318.1	86000	87000	93
NC_001318.1	87000	109000	0
NC_001318.1	109000	110000	116
NC_001318.1	110000	111000	68
NC_001318.1	111000	138000	0
NC_001318.1	138000	139000	251
NC_001318.1	139000	140000	204
NC_001318.1	140000	141000	108
NC_001318.1	141000	251000	0
NC_001318.1	251000	252000	9
NC_001318.1	252000	253000	291
NC_001318.1	253000	254000	76
NC_001318.1	254000	334000	0
NC_001318.1	334000	335000	296
NC_001318.1	335000	359000	0
NC_001318.1	359000	360000	47
NC_001318.1	360000	361000	134
NC_001318.1	361000	402000	0
NC_001318.1	402000	403000	85
NC_001318.1	403000	404000	311
NC_001318.1	404000	405000	38
NC_001318.1	405000	484000	0
NC_001318.1	484000	485000	20
NC_001318.1	485000	491000	0
NC_001318.1	491000	492000	10
NC_001318.1	492000	494000	0
NC_001318.1	494000	495000	301
NC_001318.1	495000	496000	193
NC_001318.1	496000	586000	0
NC_001318.1	586000	587000	7
NC_001318.1	587000	588000	98
NC_001318.1	588000	615000	0
NC_001318.1	615000	616000	40
NC_001318.1	616000	622000	0
NC_001318.1	622000	623000	17
NC_001318.1	623000	628000	0
NC_001318.1	628000	629000	61
NC_001318.1	629000	630000	144
NC_001318.1	630000	677000	0
NC_001318.1	677000	678000	45
NC_001318.1	678000	696000	0
NC_001318.1	696000	697000	128
NC_001318.1	697000	698000	20
NC_001318.1	698000	727000	0
NC_001318.1	727000	728000	141
NC_001318.1	728000	758000	0
NC_001318.1	758000	759000	126
NC_001318.1	759000	760000	284
NC_001318.1	760000	761000	145
NC_001318.1	761000	871000	0
NC_001318.1	871000	872000	50
NC_001318.1	872000	883000	0
NC_001318.1	883000	884000	24
NC_001318.1	884000	885000	132
NC_001318.1	885000	905000	0
NC_001318.1	905000	906000	28
NC_001318.1	906000	1522000	0
NC_001903.1	0	1000	335
NC_001903.1	1000	2000	109
NC_001903.1	2000	1522000	0
