NC_001852.1	0	1000	75
NC_001852.1	1000	3000	0
NC_001852.1	3000	4000	64
NC_001852.1	4000	8000	0
NC_001852.1	8000	9000	2
NC_001852.1	9000	10000	198
NC_001852.1	10000	18000	0
NC_001852.1	18000	19000	52
NC_001852.1	19000	20000	386
NC_001852.1	20000	21000	8
NC_001852.1	21000	28000	0
NC_001852.1	28000	29000	38
NC_001852.1	29000	1522000	0
NC_000949.1	0	15000	0
NC_000949.1	15000	16000	99
NC_000949.1	16000	28000	0
NC_000949.1	28000	29000	87
NC_000949.1	29000	1522000	0
NC_000954.1	0	12000	0
NC_000954.1	12000	13000	67
NC_000954.1	13000	15000	0
NC_000954.1	15000	16000	20
NC_000954.1	16000	26000	0
NC_000954.1	26000	27000	31
NC_000954.1	27000	1522000	0
NC_001856.1	0	1000	246
NC_001856.1	1000	23000	0
NC_001856.1	23000	24000	85
NC_001856.1	24000	29000	0
NC_001856.1	29000	30000	112
NC_001856.1	30000	1522000	0
NC_001849.2	0	1000	3
NC_001849.2	1000	2000	0
NC_001849.2	2000	3000	15
NC_001849.2	3000	4000	0
NC_001849.2	4000	5000	152
NC_001849.2	5000	6000	16
NC_001849.2	6000	1522000	0
NC_001850.1	0	6000	0
NC_001850.1	6000	7000	185
NC_001850.1	7000	19000	0
NC_001850.1	19000	20000	97
NC_001850.1	20000	1522000	0
NC_000951.1	0	1000	2040
NC_000951.1	1000	2000	100
NC_000951.1	2000	15000	0
NC_000951.1	15000	16000	88
NC_000951.1	16000	18000	0
NC_000951.1	18000	19000	348
NC_000951.1	19000	1522000	0
NC_001853.1	0	1000	0
NC_001853.1	1000	2000	90
NC_001853.1	2000	3000	382
NC_001853.1	3000	4000	25
NC_001853.1	4000	1522000	0
NC_000956.1	0	1000	89
NC_000956.1	1000	25000	0
NC_000956.1	25000	26000	231
NC_000956.1	26000	27000	157
NC_000956.1	27000	31000	0
NC_000956.1	31000	32000	70
NC_000956.1	32000	33000	29
NC_000956.1	33000	1522000	0
NC_001903.1	0	1000	343
NC_001903.1	1000	2000	17
NC_001903.1	2000	1522000	0
NC_001318.1	0	1000	243
NC_001318.1	1000	2000	290
NC_001318.1	2000	3000	307
NC_001318.1	3000	4000	305
NC_001318.1	4000	5000	306
NC_001318.1	5000	6000	292
NC_001318.1	6000	7000	313
NC_001318.1	7000	8000	295
NC_001318.1	8000	9000	301
NC_001318.1	9000	10000	296
NC_001318.1	10000	11000	283
NC_001318.1	11000	12000	291
NC_001318.1	12000	13000	288
NC_001318.1	13000	14000	286
NC_001318.1	14000	15000	279
NC_001318.1	15000	16000	306
NC_001318.1	16000	17000	70
NC_001318.1	17000	1522000	0
NC_001854.1	0	26000	0
NC_001854.1	26000	27000	3
NC_001854.1	27000	1522000	0
NC_001851.2	0	1000	19
NC_001851.2	1000	5000	0
NC_001851.2	5000	6000	24
NC_001851.2	6000	1522000	0
NC_001855.1	0	3000	0
NC_001855.1	3000	4000	12
NC_001855.1	4000	5000	0
NC_001855.1	5000	6000	6
NC_001855.1	6000	7000	105
NC_001855.1	7000	35000	0
NC_001855.1	35000	36000	9
NC_001855.1	36000	1522000	0
NC_000953.1	0	15000	0
NC_000953.1	15000	16000	56
NC_000953.1	16000	18000	0
NC_000953.1	18000	19000	126
NC_000953.1	19000	1522000	0
NC_001904.1	0	1000	24
NC_001904.1	1000	2000	72
NC_001904.1	2000	6000	0
NC_001904.1	6000	7000	15
NC_001904.1	7000	1522000	0
NC_001857.2	0	1000	228
NC_001857.2	1000	47000	0
NC_001857.2	47000	48000	6
NC_001857.2	48000	49000	0
NC_001857.2	49000	50000	22
NC_001857.2	50000	1522000	0
NC_000952.1	0	17000	0
NC_000952.1	17000	18000	295
NC_000952.1	18000	19000	34
NC_000952.1	19000	22000	0
NC_000952.1	22000	23000	111
NC_000952.1	23000	24000	57
NC_000952.1	24000	1522000	0
NC_000948.1	0	18000	0
NC_000948.1	18000	19000	97
NC_000948.1	19000	1522000	0
