NC_001853.1
1 1595
2124 2245
3979 4164
27317 28601
NC_000949.1
1 18257
22830 22883
22971 30223
NC_001855.1
1 1425
2198 3759
23198 34384
35482 36849
NC_001318.1
903438 910724
NC_001854.1
1 1010
23149 24933
25878 26090
26873 27323
NC_001904.1
1 217
2662 2815
5840 6051
9331 9386
NC_000948.1
1 15141
16632 30750
NC_001857.2
46465 47130
48399 49356
NC_001856.1
23075 23844
31213 33000
NC_000951.1
1 2914
4683 8273
9101 10907
12064 18129
18843 20713
23414 24986
26524 29838
NC_000950.1
1 6607
7449 9828
10395 15142
15352 19823
20641 21804
22166 22247
22623 22778
23230 30299
NC_001850.1
1 2439
2441 3600
3602 6063
6065 21222
21238 21834
21838 24177
NC_000956.1
1 117
786 11811
12560 19621
19972 22425
23092 26280
26561 28178
28736 28937
29550 29867
31839 52971
NC_001903.1
NC_001851.2
1 2469
2655 10270
10523 28155
NC_001852.1
1 316
1729 7459
7858 9363
12714 14261
14937 15666
18063 18360
18892 19124
21037 21366
26381 26445
28216 28302
NC_000957.1
1 4529
4531 5228
NC_000954.1
1 4888
6448 16932
17369 22923
27704 28623
28770 30651
NC_000955.2
3629 3691
3940 4002
4107 13727
13852 13912
14115 14390
NC_001849.2
333 2130
2677 4155
4258 4515
NC_000953.1
1 19888
22828 24004
24623 29040
29580 30885
NC_000952.1
1 8398
12147 15977
16507 16825
23116 28121
28832 30800
