NC_001853.1
1 12884
12886 27273
27275 28601
NC_000949.1
1 3431
13990 30223
NC_001855.1
2198 3759
18946 19219
23198 36849
NC_001318.1
1 94
905027 910724
NC_001854.1
1 1626
7338 7877
24149 25238
25878 26343
26873 27323
NC_001904.1
1 7130
9267 9386
NC_000948.1
1 30750
NC_001857.2
48549 49492
NC_001856.1
1 30312
30314 30402
30404 38829
NC_000951.1
1 17716
19852 29838
NC_000950.1
1 30299
NC_001850.1
1 2439
2441 3600
3602 6063
6065 21222
21238 21834
21838 24177
NC_000956.1
2393 22910
30001 31816
35885 52623
NC_001903.1
17146 17453
NC_001851.2
1 9848
10523 28155
NC_001852.1
4118 29766
NC_000957.1
1 4529
4531 5228
NC_000954.1
1 30651
NC_000955.2
1 18777
NC_001849.2
1 2130
2677 4005
15332 15431
NC_000953.1
1 3431
9396 15123
16479 18728
19129 30885
NC_000952.1
10351 19839
23634 30800
