NC_001857.2	0	1000	52
NC_001857.2	1000	16000	0
NC_001857.2	16000	17000	115
NC_001857.2	17000	47000	0
NC_001857.2	47000	48000	4
NC_001857.2	48000	49000	0
NC_001857.2	49000	50000	20
NC_001857.2	50000	1522000	0
NC_000949.1	0	1000	59
NC_000949.1	1000	10000	0
NC_000949.1	10000	11000	158
NC_000949.1	11000	15000	0
NC_000949.1	15000	16000	63
NC_000949.1	16000	17000	0
NC_000949.1	17000	18000	6
NC_000949.1	18000	19000	115
NC_000949.1	19000	20000	7
NC_000949.1	20000	24000	0
NC_000949.1	24000	25000	20
NC_000949.1	25000	26000	33
NC_000949.1	26000	1522000	0
NC_000954.1	0	1000	212
NC_000954.1	1000	15000	0
NC_000954.1	15000	16000	23
NC_000954.1	16000	17000	0
NC_000954.1	17000	18000	17
NC_000954.1	18000	19000	121
NC_000954.1	19000	1522000	0
NC_001849.2	0	3000	0
NC_001849.2	3000	4000	1
NC_001849.2	4000	5000	135
NC_001849.2	5000	10000	0
NC_001849.2	10000	11000	29
NC_001849.2	11000	15000	0
NC_001849.2	15000	16000	21
NC_001849.2	16000	1522000	0
NC_001850.1	0	1000	152
NC_001850.1	1000	9000	0
NC_001850.1	9000	10000	32
NC_001850.1	10000	1522000	0
NC_000951.1	0	1000	280
NC_000951.1	1000	2000	0
NC_000951.1	2000	3000	161
NC_000951.1	3000	4000	216
NC_000951.1	4000	10000	0
NC_000951.1	10000	11000	76
NC_000951.1	11000	12000	0
NC_000951.1	12000	13000	88
NC_000951.1	13000	1522000	0
NC_001853.1	0	1000	106
NC_001853.1	1000	1522000	0
NC_000950.1	0	21000	0
NC_000950.1	21000	22000	17
NC_000950.1	22000	23000	98
NC_000950.1	23000	1522000	0
NC_000957.1	0	1000	0
NC_000957.1	1000	2000	66
NC_000957.1	2000	1522000	0
NC_000956.1	0	1000	85
NC_000956.1	1000	8000	0
NC_000956.1	8000	9000	206
NC_000956.1	9000	18000	0
NC_000956.1	18000	19000	37
NC_000956.1	19000	20000	0
NC_000956.1	20000	21000	121
NC_000956.1	21000	26000	0
NC_000956.1	26000	27000	381
NC_000956.1	27000	28000	119
NC_000956.1	28000	30000	0
NC_000956.1	30000	31000	51
NC_000956.1	31000	32000	333
NC_000956.1	32000	33000	121
NC_000956.1	33000	50000	0
NC_000956.1	50000	51000	15
NC_000956.1	51000	1522000	0
NC_001903.1	0	1000	215
NC_001903.1	1000	15000	0
NC_001903.1	15000	16000	33
NC_001903.1	16000	17000	0
NC_001903.1	17000	18000	73
NC_001903.1	18000	1522000	0
NC_001318.1	0	1000	241
NC_001318.1	1000	2000	281
NC_001318.1	2000	3000	309
NC_001318.1	3000	4000	301
NC_001318.1	4000	5000	287
NC_001318.1	5000	6000	298
NC_001318.1	6000	7000	291
NC_001318.1	7000	8000	312
NC_001318.1	8000	9000	284
NC_001318.1	9000	10000	284
NC_001318.1	10000	11000	294
NC_001318.1	11000	12000	281
NC_001318.1	12000	13000	301
NC_001318.1	13000	14000	276
NC_001318.1	14000	15000	283
NC_001318.1	15000	16000	144
NC_001318.1	16000	903000	0
NC_001318.1	903000	904000	6
NC_001318.1	904000	905000	0
NC_001318.1	905000	906000	37
NC_001318.1	906000	1522000	0
NC_001854.1	0	1000	0
NC_001854.1	1000	2000	89
NC_001854.1	2000	3000	86
NC_001854.1	3000	26000	0
NC_001854.1	26000	27000	23
NC_001854.1	27000	1522000	0
NC_001851.2	0	1000	0
NC_001851.2	1000	2000	9
NC_001851.2	2000	9000	0
NC_001851.2	9000	10000	11
NC_001851.2	10000	11000	5
NC_001851.2	11000	12000	24
NC_001851.2	12000	13000	42
NC_001851.2	13000	1522000	0
NC_001855.1	0	1000	16
NC_001855.1	1000	3000	0
NC_001855.1	3000	4000	50
NC_001855.1	4000	19000	0
NC_001855.1	19000	20000	23
NC_001855.1	20000	1522000	0
NC_000953.1	0	15000	0
NC_000953.1	15000	16000	54
NC_000953.1	16000	17000	0
NC_000953.1	17000	18000	168
NC_000953.1	18000	1522000	0
NC_001904.1	0	1000	24
NC_001904.1	1000	2000	107
NC_001904.1	2000	6000	0
NC_001904.1	6000	7000	47
NC_001904.1	7000	1522000	0
NC_000952.1	0	5000	0
NC_000952.1	5000	6000	77
NC_000952.1	6000	7000	254
NC_000952.1	7000	22000	0
NC_000952.1	22000	23000	97
NC_000952.1	23000	24000	122
NC_000952.1	24000	1522000	0
NC_001852.1	0	1000	37
NC_001852.1	1000	3000	0
NC_001852.1	3000	4000	37
NC_001852.1	4000	1522000	0
