NC_001857.2	0	1000	252
NC_001857.2	1000	1522000	0
NC_001849.2	0	1000	0
NC_001849.2	1000	2000	3
NC_001849.2	2000	4000	0
NC_001849.2	4000	5000	78
NC_001849.2	5000	10000	0
NC_001849.2	10000	11000	19
NC_001849.2	11000	1522000	0
NC_001318.1	0	1000	173
NC_001318.1	1000	2000	24
NC_001318.1	2000	70000	0
NC_001318.1	70000	71000	47
NC_001318.1	71000	84000	0
NC_001318.1	84000	85000	35
NC_001318.1	85000	103000	0
NC_001318.1	103000	104000	129
NC_001318.1	104000	105000	283
NC_001318.1	105000	106000	10
NC_001318.1	106000	247000	0
NC_001318.1	247000	248000	173
NC_001318.1	248000	249000	309
NC_001318.1	249000	250000	254
NC_001318.1	250000	444000	0
NC_001318.1	444000	445000	119
NC_001318.1	445000	512000	0
NC_001318.1	512000	513000	66
NC_001318.1	513000	514000	255
NC_001318.1	514000	515000	273
NC_001318.1	515000	516000	12
NC_001318.1	516000	722000	0
NC_001318.1	722000	723000	30
NC_001318.1	723000	736000	0
NC_001318.1	736000	737000	30
NC_001318.1	737000	738000	252
NC_001318.1	738000	739000	173
NC_001318.1	739000	906000	0
NC_001318.1	906000	907000	6
NC_001318.1	907000	1522000	0
NC_001854.1	0	1000	16
NC_001854.1	1000	1522000	0
NC_001903.1	0	1000	367
NC_001903.1	1000	2000	19
NC_001903.1	2000	1522000	0
