NC_001857.2	0	1000	235
NC_001857.2	1000	49000	0
NC_001857.2	49000	50000	14
NC_001857.2	50000	1522000	0
NC_000949.1	0	15000	0
NC_000949.1	15000	16000	100
NC_000949.1	16000	18000	0
NC_000949.1	18000	19000	148
NC_000949.1	19000	1522000	0
NC_000954.1	0	1000	109
NC_000954.1	1000	3000	0
NC_000954.1	3000	4000	49
NC_000954.1	4000	6000	0
NC_000954.1	6000	7000	11
NC_000954.1	7000	18000	0
NC_000954.1	18000	19000	104
NC_000954.1	19000	1522000	0
NC_001849.2	0	1000	0
NC_001849.2	1000	2000	188
NC_001849.2	2000	1522000	0
NC_001850.1	0	1000	107
NC_001850.1	1000	2000	141
NC_001850.1	2000	3000	5
NC_001850.1	3000	6000	0
NC_001850.1	6000	7000	200
NC_001850.1	7000	1522000	0
NC_000951.1	0	1000	368
NC_000951.1	1000	2000	70
NC_000951.1	2000	3000	0
NC_000951.1	3000	4000	16
NC_000951.1	4000	15000	0
NC_000951.1	15000	16000	36
NC_000951.1	16000	17000	0
NC_000951.1	17000	18000	107
NC_000951.1	18000	1522000	0
NC_001853.1	0	3000	0
NC_001853.1	3000	4000	32
NC_001853.1	4000	5000	373
NC_001853.1	5000	6000	96
NC_001853.1	6000	1522000	0
NC_000950.1	0	1000	309
NC_000950.1	1000	11000	0
NC_000950.1	11000	12000	135
NC_000950.1	12000	13000	143
NC_000950.1	13000	21000	0
NC_000950.1	21000	22000	16
NC_000950.1	22000	23000	124
NC_000950.1	23000	1522000	0
NC_000957.1	0	1000	0
NC_000957.1	1000	2000	66
NC_000957.1	2000	1522000	0
NC_000956.1	0	18000	0
NC_000956.1	18000	19000	27
NC_000956.1	19000	27000	0
NC_000956.1	27000	28000	53
NC_000956.1	28000	30000	0
NC_000956.1	30000	31000	25
NC_000956.1	31000	32000	513
NC_000956.1	32000	33000	193
NC_000956.1	33000	34000	6
NC_000956.1	34000	1522000	0
NC_001903.1	0	1000	56
NC_001903.1	1000	9000	0
NC_001903.1	9000	10000	98
NC_001903.1	10000	11000	173
NC_001903.1	11000	1522000	0
NC_001318.1	0	1000	293
NC_001318.1	1000	2000	291
NC_001318.1	2000	3000	292
NC_001318.1	3000	4000	292
NC_001318.1	4000	5000	270
NC_001318.1	5000	6000	300
NC_001318.1	6000	7000	329
NC_001318.1	7000	8000	313
NC_001318.1	8000	9000	298
NC_001318.1	9000	10000	278
NC_001318.1	10000	11000	258
NC_001318.1	11000	12000	285
NC_001318.1	12000	13000	280
NC_001318.1	13000	14000	298
NC_001318.1	14000	15000	296
NC_001318.1	15000	16000	281
NC_001318.1	16000	17000	310
NC_001318.1	17000	18000	48
NC_001318.1	18000	1522000	0
NC_001854.1	0	1000	0
NC_001854.1	1000	2000	85
NC_001854.1	2000	3000	103
NC_001854.1	3000	1522000	0
NC_001851.2	0	1000	0
NC_001851.2	1000	2000	10
NC_001851.2	2000	1522000	0
NC_001855.1	0	1000	19
NC_001855.1	1000	1522000	0
NC_000953.1	0	26000	0
NC_000953.1	26000	27000	19
NC_000953.1	27000	28000	0
NC_000953.1	28000	29000	30
NC_000953.1	29000	1522000	0
NC_001852.1	0	1000	319
NC_001852.1	1000	2000	271
NC_001852.1	2000	1522000	0
NC_000952.1	0	16000	0
NC_000952.1	16000	17000	28
NC_000952.1	17000	22000	0
NC_000952.1	22000	23000	109
NC_000952.1	23000	1522000	0
NC_000948.1	0	22000	0
NC_000948.1	22000	23000	32
NC_000948.1	23000	1522000	0
