NC_001857.2	0	1000	262
NC_001857.2	1000	1522000	0
NC_001849.2	0	1000	0
NC_001849.2	1000	2000	3
NC_001849.2	2000	4000	0
NC_001849.2	4000	5000	80
NC_001849.2	5000	10000	0
NC_001849.2	10000	11000	19
NC_001849.2	11000	1522000	0
NC_001318.1	0	1000	271
NC_001318.1	1000	2000	269
NC_001318.1	2000	3000	283
NC_001318.1	3000	4000	315
NC_001318.1	4000	5000	265
NC_001318.1	5000	6000	229
NC_001318.1	6000	7000	275
NC_001318.1	7000	8000	275
NC_001318.1	8000	9000	260
NC_001318.1	9000	10000	150
NC_001318.1	10000	1522000	0
NC_001854.1	0	1000	17
NC_001854.1	1000	1522000	0
NC_001903.1	0	1000	367
NC_001903.1	1000	2000	47
NC_001903.1	2000	1522000	0
