NC_001853.1
27578 28601
NC_000949.1
375 540
6082 15138
26772 28227
NC_001855.1
2198 3807
17088 19301
23198 35349
NC_001318.1
1 59
435179 437656
905068 905197
NC_001854.1
1 1626
24149 25238
25878 26168
NC_001904.1
1 9386
NC_000948.1
255 30750
NC_001857.2
15805 16073
46465 47130
48387 49337
NC_001856.1
1 30312
30314 30402
30404 38829
NC_000951.1
9400 15157
16490 17389
23034 27856
NC_000950.1
9401 15142
16431 17565
22194 30299
NC_001850.1
4830 6063
6065 9452
10843 21222
21238 21834
21838 24177
NC_000956.1
2393 25480
25556 26703
33808 52971
NC_001903.1
NC_001851.2
2110 5404
5758 9848
10523 11926
15551 28155
NC_001852.1
4118 8845
8935 9742
23728 29766
NC_000957.1
1 4529
4531 5228
NC_000954.1
1 30651
NC_000955.2
3651 3712
5045 5233
6044 6104
6612 6689
7222 7305
7860 7920
8100 8345
8541 9469
10049 10362
12993 13055
13224 13859
13976 14038
14220 14529
NC_001849.2
1 3996
10187 10427
15332 15431
NC_000953.1
1 15141
16842 16972
17512 18141
26337 30885
NC_000952.1
14774 22779
22884 30800
