NC_001857.2	0	1000	14
NC_001857.2	1000	1522000	0
NC_000949.1	0	1000	9
NC_000949.1	1000	12000	0
NC_000949.1	12000	13000	103
NC_000949.1	13000	17000	0
NC_000949.1	17000	18000	2
NC_000949.1	18000	1522000	0
NC_000954.1	0	1000	28
NC_000954.1	1000	17000	0
NC_000954.1	17000	18000	1
NC_000954.1	18000	1522000	0
NC_001856.1	0	1000	2
NC_001856.1	1000	1522000	0
NC_001853.1	0	1000	5
NC_001853.1	1000	10000	0
NC_001853.1	10000	11000	2
NC_001853.1	11000	1522000	0
NC_001850.1	0	1000	8
NC_001850.1	1000	1522000	0
NC_000951.1	0	1000	311
NC_000951.1	1000	17000	0
NC_000951.1	17000	18000	3
NC_000951.1	18000	1522000	0
NC_000955.2	0	1000	2
NC_000955.2	1000	2000	13
NC_000955.2	2000	3000	0
NC_000955.2	3000	4000	7
NC_000955.2	4000	5000	2
NC_000955.2	5000	6000	7
NC_000955.2	6000	7000	18
NC_000955.2	7000	8000	13
NC_000955.2	8000	9000	13
NC_000955.2	9000	10000	42
NC_000955.2	10000	11000	19
NC_000955.2	11000	12000	36
NC_000955.2	12000	13000	19
NC_000955.2	13000	14000	45
NC_000955.2	14000	15000	32
NC_000955.2	15000	1522000	0
NC_000950.1	0	1000	0
NC_000950.1	1000	2000	138
NC_000950.1	2000	3000	126
NC_000950.1	3000	5000	0
NC_000950.1	5000	6000	1
NC_000950.1	6000	16000	0
NC_000950.1	16000	17000	4
NC_000950.1	17000	1522000	0
NC_001849.2	0	1000	0
NC_001849.2	1000	2000	1
NC_001849.2	2000	1522000	0
NC_000956.1	0	1000	1
NC_000956.1	1000	2000	0
NC_000956.1	2000	3000	27
NC_000956.1	3000	26000	0
NC_000956.1	26000	27000	67
NC_000956.1	27000	31000	0
NC_000956.1	31000	32000	76
NC_000956.1	32000	33000	87
NC_000956.1	33000	1522000	0
NC_001903.1	0	3000	0
NC_001903.1	3000	4000	3
NC_001903.1	4000	1522000	0
NC_001318.1	0	1000	54
NC_001318.1	1000	1522000	0
NC_001854.1	0	1000	0
NC_001854.1	1000	2000	3
NC_001854.1	2000	1522000	0
NC_001851.2	0	1000	115
NC_001851.2	1000	1522000	0
NC_000953.1	0	1000	55
NC_000953.1	1000	5000	0
NC_000953.1	5000	6000	83
NC_000953.1	6000	10000	0
NC_000953.1	10000	11000	272
NC_000953.1	11000	12000	98
NC_000953.1	12000	27000	0
NC_000953.1	27000	28000	45
NC_000953.1	28000	29000	51
NC_000953.1	29000	1522000	0
NC_001904.1	0	1000	76
NC_001904.1	1000	2000	0
NC_001904.1	2000	3000	69
NC_001904.1	3000	4000	24
NC_001904.1	4000	5000	0
NC_001904.1	5000	6000	2
NC_001904.1	6000	7000	100
NC_001904.1	7000	1522000	0
NC_000952.1	0	1000	348
NC_000952.1	1000	11000	0
NC_000952.1	11000	12000	181
NC_000952.1	12000	18000	0
NC_000952.1	18000	19000	72
NC_000952.1	19000	20000	218
NC_000952.1	20000	27000	0
NC_000952.1	27000	28000	57
NC_000952.1	28000	29000	46
NC_000952.1	29000	1522000	0
NC_001852.1	0	1000	88
NC_001852.1	1000	1522000	0
