NC_001853.1
27044 27273
27275 28601
NC_000949.1
6082 29962
NC_001855.1
480 1209
2198 3807
17088 19301
23198 34384
35482 36849
NC_001318.1
1 82
905068 905197
910669 910724
NC_001854.1
1 1626
24149 25238
25878 26343
26873 27323
NC_001904.1
1 9386
NC_000948.1
1 20236
20798 26720
29010 30750
NC_001857.2
46465 49337
NC_001856.1
1 30312
30314 30402
30404 38829
NC_000951.1
9445 15157
16490 17389
26217 27856
NC_000950.1
1 1638
9401 15142
16431 17565
22194 30299
NC_001850.1
4830 6063
6065 9452
10843 21222
21238 21834
21838 24177
NC_000956.1
1 8815
9552 13764
18266 18688
20330 20417
20524 24033
24574 31830
36936 50243
50807 52971
NC_001903.1
NC_001851.2
1 1846
2110 9848
10523 11926
15551 28155
NC_001852.1
1 407
4118 8845
8935 9742
23728 29355
NC_000957.1
1 4529
4531 5228
NC_000954.1
1 17771
22396 30651
NC_000955.2
1 2437
3691 4300
5333 5643
6560 6683
6932 6994
7369 7557
7745 7807
7995 8055
8615 8740
9552 10731
11287 11349
11538 11722
11932 11994
12230 12353
12973 13324
13545 13859
13975 14383
NC_001849.2
1 139
315 773
965 3996
10187 10427
15332 15431
NC_000953.1
1 15141
16734 17659
18653 30885
NC_000952.1
9957 30800
