NC_001853.1
27578 28601
NC_000949.1
375 540
6082 16226
17393 28169
NC_001855.1
2198 3807
17088 19301
23198 35349
35483 35703
NC_001318.1
435179 438423
905068 905331
907025 910724
NC_001854.1
1 1626
24149 25238
25878 26168
NC_001904.1
1 9386
NC_000948.1
1 30750
NC_001857.2
15805 16073
46465 47130
48387 49337
NC_001856.1
1 30312
30314 30402
30404 38829
NC_000951.1
9400 15157
16490 17389
20802 27856
NC_000950.1
9401 15142
16431 17565
22194 30299
NC_001850.1
1 2439
2441 3600
3602 6063
6065 9452
10810 21222
21238 21834
21838 24177
NC_000956.1
2393 18688
20322 25480
25556 26703
33808 52971
NC_001903.1
NC_001851.2
1 1666
2110 9848
10523 28155
NC_001852.1
4118 7459
NC_000957.1
1 1151
2952 4529
4531 5228
NC_000954.1
1 30651
NC_000955.2
1 18777
NC_001849.2
1 3996
10187 10427
15332 15431
NC_000953.1
9435 15141
NC_000952.1
14774 22778
