NC_001857.2	0	1000	221
NC_001857.2	1000	49000	0
NC_001857.2	49000	50000	26
NC_001857.2	50000	1522000	0
NC_000956.1	0	1000	84
NC_000956.1	1000	50000	0
NC_000956.1	50000	51000	15
NC_000956.1	51000	1522000	0
NC_001849.2	0	3000	0
NC_001849.2	3000	4000	1
NC_001849.2	4000	5000	136
NC_001849.2	5000	10000	0
NC_001849.2	10000	11000	32
NC_001849.2	11000	15000	0
NC_001849.2	15000	16000	21
NC_001849.2	16000	1522000	0
NC_001850.1	0	1000	150
NC_001850.1	1000	9000	0
NC_001850.1	9000	10000	29
NC_001850.1	10000	1522000	0
NC_000951.1	0	15000	0
NC_000951.1	15000	16000	17
NC_000951.1	16000	17000	0
NC_000951.1	17000	18000	133
NC_000951.1	18000	27000	0
NC_000951.1	27000	28000	114
NC_000951.1	28000	29000	50
NC_000951.1	29000	1522000	0
NC_000955.2	0	2000	0
NC_000955.2	2000	3000	2
NC_000955.2	3000	4000	13
NC_000955.2	4000	5000	20
NC_000955.2	5000	6000	25
NC_000955.2	6000	7000	84
NC_000955.2	7000	11000	0
NC_000955.2	11000	12000	21
NC_000955.2	12000	13000	0
NC_000955.2	13000	14000	9
NC_000955.2	14000	15000	24
NC_000955.2	15000	18000	0
NC_000955.2	18000	19000	7
NC_000955.2	19000	1522000	0
NC_000950.1	0	1000	255
NC_000950.1	1000	15000	0
NC_000950.1	15000	16000	27
NC_000950.1	16000	17000	0
NC_000950.1	17000	18000	137
NC_000950.1	18000	1522000	0
NC_000949.1	0	1000	102
NC_000949.1	1000	15000	0
NC_000949.1	15000	16000	32
NC_000949.1	16000	17000	0
NC_000949.1	17000	18000	7
NC_000949.1	18000	19000	113
NC_000949.1	19000	20000	21
NC_000949.1	20000	25000	0
NC_000949.1	25000	26000	35
NC_000949.1	26000	1522000	0
NC_001903.1	0	1000	350
NC_001903.1	1000	2000	77
NC_001903.1	2000	1522000	0
NC_001318.1	0	1000	236
NC_001318.1	1000	2000	285
NC_001318.1	2000	3000	300
NC_001318.1	3000	4000	247
NC_001318.1	4000	5000	295
NC_001318.1	5000	6000	293
NC_001318.1	6000	7000	295
NC_001318.1	7000	8000	212
NC_001318.1	8000	438000	0
NC_001318.1	438000	439000	179
NC_001318.1	439000	440000	280
NC_001318.1	440000	441000	284
NC_001318.1	441000	442000	298
NC_001318.1	442000	443000	279
NC_001318.1	443000	444000	279
NC_001318.1	444000	445000	277
NC_001318.1	445000	446000	297
NC_001318.1	446000	447000	3
NC_001318.1	447000	903000	0
NC_001318.1	903000	904000	6
NC_001318.1	904000	905000	0
NC_001318.1	905000	906000	36
NC_001318.1	906000	1522000	0
NC_001854.1	0	1000	0
NC_001854.1	1000	2000	88
NC_001854.1	2000	3000	97
NC_001854.1	3000	26000	0
NC_001854.1	26000	27000	19
NC_001854.1	27000	1522000	0
NC_001851.2	0	1000	0
NC_001851.2	1000	2000	9
NC_001851.2	2000	9000	0
NC_001851.2	9000	10000	11
NC_001851.2	10000	11000	5
NC_001851.2	11000	12000	25
NC_001851.2	12000	13000	42
NC_001851.2	13000	1522000	0
NC_001855.1	0	1000	16
NC_001855.1	1000	3000	0
NC_001855.1	3000	4000	51
NC_001855.1	4000	5000	2
NC_001855.1	5000	19000	0
NC_001855.1	19000	20000	23
NC_001855.1	20000	1522000	0
NC_001853.1	0	1000	71
NC_001853.1	1000	1522000	0
NC_001852.1	0	1000	38
NC_001852.1	1000	2000	0
NC_001852.1	2000	3000	88
NC_001852.1	3000	4000	40
NC_001852.1	4000	8000	0
NC_001852.1	8000	9000	2
NC_001852.1	9000	10000	86
NC_001852.1	10000	11000	301
NC_001852.1	11000	29000	0
NC_001852.1	29000	30000	8
NC_001852.1	30000	1522000	0
NC_000952.1	0	16000	0
NC_000952.1	16000	17000	15
NC_000952.1	17000	22000	0
NC_000952.1	22000	23000	47
NC_000952.1	23000	28000	0
NC_000952.1	28000	29000	71
NC_000952.1	29000	1522000	0
