NC_001857.2	0	1000	253
NC_001857.2	1000	2000	58
NC_001857.2	2000	49000	0
NC_001857.2	49000	50000	14
NC_001857.2	50000	1522000	0
NC_001849.2	0	4000	0
NC_001849.2	4000	5000	151
NC_001849.2	5000	15000	0
NC_001849.2	15000	16000	19
NC_001849.2	16000	17000	7
NC_001849.2	17000	1522000	0
NC_001318.1	0	1000	274
NC_001318.1	1000	2000	162
NC_001318.1	2000	77000	0
NC_001318.1	77000	78000	276
NC_001318.1	78000	79000	294
NC_001318.1	79000	80000	177
NC_001318.1	80000	220000	0
NC_001318.1	220000	221000	188
NC_001318.1	221000	222000	291
NC_001318.1	222000	223000	325
NC_001318.1	223000	224000	198
NC_001318.1	224000	393000	0
NC_001318.1	393000	394000	109
NC_001318.1	394000	419000	0
NC_001318.1	419000	420000	186
NC_001318.1	420000	421000	163
NC_001318.1	421000	474000	0
NC_001318.1	474000	475000	99
NC_001318.1	475000	476000	305
NC_001318.1	476000	477000	255
NC_001318.1	477000	608000	0
NC_001318.1	608000	609000	161
NC_001318.1	609000	610000	45
NC_001318.1	610000	655000	0
NC_001318.1	655000	656000	192
NC_001318.1	656000	703000	0
NC_001318.1	703000	704000	92
NC_001318.1	704000	705000	277
NC_001318.1	705000	777000	0
NC_001318.1	777000	778000	92
NC_001318.1	778000	794000	0
NC_001318.1	794000	795000	149
NC_001318.1	795000	796000	284
NC_001318.1	796000	797000	148
NC_001318.1	797000	905000	0
NC_001318.1	905000	906000	31
NC_001318.1	906000	1522000	0
NC_001903.1	0	1000	223
NC_001903.1	1000	18000	0
NC_001903.1	18000	19000	67
NC_001903.1	19000	1522000	0
