NC_001852.1	0	1000	73
NC_001852.1	1000	3000	0
NC_001852.1	3000	4000	36
NC_001852.1	4000	8000	0
NC_001852.1	8000	9000	2
NC_001852.1	9000	10000	218
NC_001852.1	10000	11000	333
NC_001852.1	11000	18000	0
NC_001852.1	18000	19000	26
NC_001852.1	19000	20000	308
NC_001852.1	20000	21000	10
NC_001852.1	21000	1522000	0
NC_000949.1	0	28000	0
NC_000949.1	28000	29000	145
NC_000949.1	29000	1522000	0
NC_000954.1	0	26000	0
NC_000954.1	26000	27000	30
NC_000954.1	27000	1522000	0
NC_001856.1	0	1000	238
NC_001856.1	1000	23000	0
NC_001856.1	23000	24000	81
NC_001856.1	24000	29000	0
NC_001856.1	29000	30000	111
NC_001856.1	30000	1522000	0
NC_001849.2	0	1000	2
NC_001849.2	1000	2000	0
NC_001849.2	2000	3000	15
NC_001849.2	3000	4000	0
NC_001849.2	4000	5000	146
NC_001849.2	5000	6000	21
NC_001849.2	6000	1522000	0
NC_001850.1	0	6000	0
NC_001850.1	6000	7000	184
NC_001850.1	7000	19000	0
NC_001850.1	19000	20000	96
NC_001850.1	20000	1522000	0
NC_000951.1	0	1000	1628
NC_000951.1	1000	2000	40
NC_000951.1	2000	12000	0
NC_000951.1	12000	13000	100
NC_000951.1	13000	15000	0
NC_000951.1	15000	16000	290
NC_000951.1	16000	18000	0
NC_000951.1	18000	19000	347
NC_000951.1	19000	27000	0
NC_000951.1	27000	28000	55
NC_000951.1	28000	29000	3
NC_000951.1	29000	1522000	0
NC_001853.1	0	1000	3
NC_001853.1	1000	2000	90
NC_001853.1	2000	3000	371
NC_001853.1	3000	4000	33
NC_001853.1	4000	1522000	0
NC_000950.1	0	22000	0
NC_000950.1	22000	23000	97
NC_000950.1	23000	1522000	0
NC_000957.1	0	1000	17
NC_000957.1	1000	1522000	0
NC_000956.1	0	1000	89
NC_000956.1	1000	20000	0
NC_000956.1	20000	21000	64
NC_000956.1	21000	22000	106
NC_000956.1	22000	26000	0
NC_000956.1	26000	27000	237
NC_000956.1	27000	1522000	0
NC_001903.1	0	1000	341
NC_001903.1	1000	2000	9
NC_001903.1	2000	1522000	0
NC_001318.1	0	1000	25
NC_001318.1	1000	4000	0
NC_001318.1	4000	5000	13
NC_001318.1	5000	6000	149
NC_001318.1	6000	33000	0
NC_001318.1	33000	34000	97
NC_001318.1	34000	35000	115
NC_001318.1	35000	77000	0
NC_001318.1	77000	78000	26
NC_001318.1	78000	87000	0
NC_001318.1	87000	88000	16
NC_001318.1	88000	89000	38
NC_001318.1	89000	99000	0
NC_001318.1	99000	100000	134
NC_001318.1	100000	120000	0
NC_001318.1	120000	121000	228
NC_001318.1	121000	153000	0
NC_001318.1	153000	154000	4
NC_001318.1	154000	155000	0
NC_001318.1	155000	156000	6
NC_001318.1	156000	157000	172
NC_001318.1	157000	158000	182
NC_001318.1	158000	222000	0
NC_001318.1	222000	223000	121
NC_001318.1	223000	224000	39
NC_001318.1	224000	246000	0
NC_001318.1	246000	247000	43
NC_001318.1	247000	254000	0
NC_001318.1	254000	255000	75
NC_001318.1	255000	256000	289
NC_001318.1	256000	257000	302
NC_001318.1	257000	258000	149
NC_001318.1	258000	402000	0
NC_001318.1	402000	403000	37
NC_001318.1	403000	404000	96
NC_001318.1	404000	421000	0
NC_001318.1	421000	422000	73
NC_001318.1	422000	437000	0
NC_001318.1	437000	438000	3
NC_001318.1	438000	439000	5
NC_001318.1	439000	440000	0
NC_001318.1	440000	441000	56
NC_001318.1	441000	442000	253
NC_001318.1	442000	503000	0
NC_001318.1	503000	504000	142
NC_001318.1	504000	526000	0
NC_001318.1	526000	527000	60
NC_001318.1	527000	528000	267
NC_001318.1	528000	529000	198
NC_001318.1	529000	636000	0
NC_001318.1	636000	637000	28
NC_001318.1	637000	644000	0
NC_001318.1	644000	645000	169
NC_001318.1	645000	646000	35
NC_001318.1	646000	692000	0
NC_001318.1	692000	693000	137
NC_001318.1	693000	694000	222
NC_001318.1	694000	764000	0
NC_001318.1	764000	765000	204
NC_001318.1	765000	766000	27
NC_001318.1	766000	814000	0
NC_001318.1	814000	815000	17
NC_001318.1	815000	819000	0
NC_001318.1	819000	820000	24
NC_001318.1	820000	823000	0
NC_001318.1	823000	824000	74
NC_001318.1	824000	841000	0
NC_001318.1	841000	842000	4
NC_001318.1	842000	844000	0
NC_001318.1	844000	845000	103
NC_001318.1	845000	857000	0
NC_001318.1	857000	858000	104
NC_001318.1	858000	859000	33
NC_001318.1	859000	894000	0
NC_001318.1	894000	895000	84
NC_001318.1	895000	903000	0
NC_001318.1	903000	904000	27
NC_001318.1	904000	1522000	0
NC_001854.1	0	1000	235
NC_001854.1	1000	25000	0
NC_001854.1	25000	26000	3
NC_001854.1	26000	27000	7
NC_001854.1	27000	1522000	0
NC_001851.2	0	9000	0
NC_001851.2	9000	10000	14
NC_001851.2	10000	11000	6
NC_001851.2	11000	12000	0
NC_001851.2	12000	13000	130
NC_001851.2	13000	1522000	0
NC_001855.1	0	1000	10
NC_001855.1	1000	3000	0
NC_001855.1	3000	4000	12
NC_001855.1	4000	5000	0
NC_001855.1	5000	6000	5
NC_001855.1	6000	7000	104
NC_001855.1	7000	1522000	0
NC_001904.1	0	1000	88
NC_001904.1	1000	3000	0
NC_001904.1	3000	4000	25
NC_001904.1	4000	5000	0
NC_001904.1	5000	6000	21
NC_001904.1	6000	7000	27
NC_001904.1	7000	8000	8
NC_001904.1	8000	9000	3
NC_001904.1	9000	1522000	0
NC_001857.2	0	1000	238
NC_001857.2	1000	47000	0
NC_001857.2	47000	48000	12
NC_001857.2	48000	49000	0
NC_001857.2	49000	50000	21
NC_001857.2	50000	1522000	0
NC_000952.1	0	17000	0
NC_000952.1	17000	18000	294
NC_000952.1	18000	19000	36
NC_000952.1	19000	23000	0
NC_000952.1	23000	24000	59
NC_000952.1	24000	1522000	0
NC_000948.1	0	15000	0
NC_000948.1	15000	16000	71
NC_000948.1	16000	18000	0
NC_000948.1	18000	19000	66
NC_000948.1	19000	20000	17
NC_000948.1	20000	22000	0
NC_000948.1	22000	23000	162
NC_000948.1	23000	1522000	0
