NC_001857.2	0	1000	55
NC_001857.2	1000	16000	0
NC_001857.2	16000	17000	95
NC_001857.2	17000	47000	0
NC_001857.2	47000	48000	6
NC_001857.2	48000	49000	0
NC_001857.2	49000	50000	17
NC_001857.2	50000	1522000	0
NC_000954.1	0	1000	267
NC_000954.1	1000	1522000	0
NC_001853.1	0	1000	106
NC_001853.1	1000	1522000	0
NC_001849.2	0	3000	0
NC_001849.2	3000	4000	1
NC_001849.2	4000	5000	135
NC_001849.2	5000	10000	0
NC_001849.2	10000	11000	29
NC_001849.2	11000	15000	0
NC_001849.2	15000	16000	21
NC_001849.2	16000	1522000	0
NC_001850.1	0	9000	0
NC_001850.1	9000	10000	30
NC_001850.1	10000	1522000	0
NC_000951.1	0	1000	235
NC_000951.1	1000	27000	0
NC_000951.1	27000	28000	57
NC_000951.1	28000	29000	19
NC_000951.1	29000	1522000	0
NC_000955.2	0	1000	15
NC_000955.2	1000	3000	0
NC_000955.2	3000	4000	6
NC_000955.2	4000	5000	8
NC_000955.2	5000	6000	39
NC_000955.2	6000	7000	11
NC_000955.2	7000	8000	13
NC_000955.2	8000	9000	13
NC_000955.2	9000	10000	42
NC_000955.2	10000	11000	19
NC_000955.2	11000	12000	38
NC_000955.2	12000	13000	19
NC_000955.2	13000	14000	60
NC_000955.2	14000	15000	21
NC_000955.2	15000	1522000	0
NC_000950.1	0	1000	258
NC_000950.1	1000	15000	0
NC_000950.1	15000	16000	27
NC_000950.1	16000	17000	0
NC_000950.1	17000	18000	138
NC_000950.1	18000	1522000	0
NC_000957.1	0	1000	0
NC_000957.1	1000	2000	67
NC_000957.1	2000	1522000	0
NC_000956.1	0	1000	85
NC_000956.1	1000	18000	0
NC_000956.1	18000	19000	19
NC_000956.1	19000	20000	0
NC_000956.1	20000	21000	121
NC_000956.1	21000	26000	0
NC_000956.1	26000	27000	99
NC_000956.1	27000	29000	0
NC_000956.1	29000	30000	192
NC_000956.1	30000	50000	0
NC_000956.1	50000	51000	15
NC_000956.1	51000	1522000	0
NC_001903.1	0	1000	246
NC_001903.1	1000	17000	0
NC_001903.1	17000	18000	73
NC_001903.1	18000	1522000	0
NC_001318.1	0	1000	241
NC_001318.1	1000	2000	281
NC_001318.1	2000	3000	310
NC_001318.1	3000	4000	299
NC_001318.1	4000	5000	293
NC_001318.1	5000	6000	297
NC_001318.1	6000	7000	292
NC_001318.1	7000	8000	178
NC_001318.1	8000	438000	0
NC_001318.1	438000	439000	176
NC_001318.1	439000	440000	282
NC_001318.1	440000	441000	280
NC_001318.1	441000	442000	300
NC_001318.1	442000	443000	271
NC_001318.1	443000	444000	310
NC_001318.1	444000	445000	288
NC_001318.1	445000	446000	284
NC_001318.1	446000	447000	97
NC_001318.1	447000	905000	0
NC_001318.1	905000	906000	9
NC_001318.1	906000	1522000	0
NC_001854.1	0	1000	0
NC_001854.1	1000	2000	87
NC_001854.1	2000	3000	92
NC_001854.1	3000	26000	0
NC_001854.1	26000	27000	23
NC_001854.1	27000	1522000	0
NC_001851.2	0	1000	0
NC_001851.2	1000	2000	9
NC_001851.2	2000	9000	0
NC_001851.2	9000	10000	12
NC_001851.2	10000	11000	5
NC_001851.2	11000	1522000	0
NC_001855.1	0	1000	16
NC_001855.1	1000	3000	0
NC_001855.1	3000	4000	50
NC_001855.1	4000	19000	0
NC_001855.1	19000	20000	23
NC_001855.1	20000	1522000	0
NC_000953.1	0	17000	0
NC_000953.1	17000	18000	186
NC_000953.1	18000	1522000	0
NC_001904.1	0	1000	76
NC_001904.1	1000	2000	0
NC_001904.1	2000	3000	69
NC_001904.1	3000	4000	24
NC_001904.1	4000	5000	0
NC_001904.1	5000	6000	2
NC_001904.1	6000	7000	100
NC_001904.1	7000	1522000	0
NC_000952.1	0	22000	0
NC_000952.1	22000	23000	68
NC_000952.1	23000	1522000	0
NC_001852.1	0	1000	37
NC_001852.1	1000	3000	0
NC_001852.1	3000	4000	37
NC_001852.1	4000	8000	0
NC_001852.1	8000	9000	2
NC_001852.1	9000	10000	86
NC_001852.1	10000	11000	335
NC_001852.1	11000	1522000	0
