NC_001857.2	0	1000	216
NC_001857.2	1000	49000	0
NC_001857.2	49000	50000	26
NC_001857.2	50000	1522000	0
NC_000949.1	0	4000	0
NC_000949.1	4000	5000	32
NC_000949.1	5000	15000	0
NC_000949.1	15000	16000	52
NC_000949.1	16000	17000	9
NC_000949.1	17000	18000	15
NC_000949.1	18000	19000	112
NC_000949.1	19000	20000	59
NC_000949.1	20000	21000	21
NC_000949.1	21000	1522000	0
NC_001903.1	0	1000	138
NC_001903.1	1000	10000	0
NC_001903.1	10000	11000	265
NC_001903.1	11000	12000	23
NC_001903.1	12000	1522000	0
NC_001853.1	0	1000	70
NC_001853.1	1000	1522000	0
NC_001850.1	0	1000	150
NC_001850.1	1000	9000	0
NC_001850.1	9000	10000	30
NC_001850.1	10000	1522000	0
NC_000951.1	0	1000	252
NC_000951.1	1000	2000	0
NC_000951.1	2000	3000	1
NC_000951.1	3000	4000	3
NC_000951.1	4000	10000	0
NC_000951.1	10000	11000	21
NC_000951.1	11000	15000	0
NC_000951.1	15000	16000	17
NC_000951.1	16000	17000	0
NC_000951.1	17000	18000	230
NC_000951.1	18000	19000	240
NC_000951.1	19000	27000	0
NC_000951.1	27000	28000	59
NC_000951.1	28000	29000	1
NC_000951.1	29000	30000	5
NC_000951.1	30000	1522000	0
NC_000955.2	0	2000	0
NC_000955.2	2000	3000	6
NC_000955.2	3000	4000	19
NC_000955.2	4000	5000	40
NC_000955.2	5000	6000	31
NC_000955.2	6000	7000	5
NC_000955.2	7000	8000	66
NC_000955.2	8000	9000	0
NC_000955.2	9000	10000	18
NC_000955.2	10000	11000	0
NC_000955.2	11000	12000	27
NC_000955.2	12000	13000	22
NC_000955.2	13000	14000	0
NC_000955.2	14000	15000	24
NC_000955.2	15000	18000	0
NC_000955.2	18000	19000	7
NC_000955.2	19000	1522000	0
NC_000954.1	0	11000	0
NC_000954.1	11000	12000	101
NC_000954.1	12000	13000	21
NC_000954.1	13000	15000	0
NC_000954.1	15000	16000	21
NC_000954.1	16000	17000	0
NC_000954.1	17000	18000	101
NC_000954.1	18000	19000	41
NC_000954.1	19000	1522000	0
NC_000950.1	0	1000	69
NC_000950.1	1000	2000	176
NC_000950.1	2000	3000	0
NC_000950.1	3000	4000	5
NC_000950.1	4000	5000	0
NC_000950.1	5000	6000	1
NC_000950.1	6000	15000	0
NC_000950.1	15000	16000	25
NC_000950.1	16000	17000	0
NC_000950.1	17000	18000	137
NC_000950.1	18000	21000	0
NC_000950.1	21000	22000	16
NC_000950.1	22000	1522000	0
NC_001849.2	0	3000	0
NC_001849.2	3000	4000	1
NC_001849.2	4000	5000	136
NC_001849.2	5000	10000	0
NC_001849.2	10000	11000	32
NC_001849.2	11000	13000	0
NC_001849.2	13000	14000	9
NC_001849.2	14000	15000	0
NC_001849.2	15000	16000	42
NC_001849.2	16000	1522000	0
NC_000956.1	0	1000	84
NC_000956.1	1000	31000	0
NC_000956.1	31000	32000	137
NC_000956.1	32000	33000	163
NC_000956.1	33000	50000	0
NC_000956.1	50000	51000	30
NC_000956.1	51000	1522000	0
NC_001855.1	0	1000	16
NC_001855.1	1000	3000	0
NC_001855.1	3000	4000	61
NC_001855.1	4000	5000	2
NC_001855.1	5000	19000	0
NC_001855.1	19000	20000	23
NC_001855.1	20000	1522000	0
NC_001318.1	0	1000	237
NC_001318.1	1000	2000	286
NC_001318.1	2000	3000	299
NC_001318.1	3000	4000	251
NC_001318.1	4000	5000	293
NC_001318.1	5000	6000	293
NC_001318.1	6000	7000	293
NC_001318.1	7000	8000	313
NC_001318.1	8000	9000	285
NC_001318.1	9000	10000	285
NC_001318.1	10000	11000	298
NC_001318.1	11000	12000	277
NC_001318.1	12000	13000	272
NC_001318.1	13000	14000	286
NC_001318.1	14000	15000	282
NC_001318.1	15000	16000	87
NC_001318.1	16000	903000	0
NC_001318.1	903000	904000	6
NC_001318.1	904000	905000	0
NC_001318.1	905000	906000	36
NC_001318.1	906000	1522000	0
NC_001854.1	0	1000	0
NC_001854.1	1000	2000	92
NC_001854.1	2000	3000	91
NC_001854.1	3000	25000	0
NC_001854.1	25000	26000	5
NC_001854.1	26000	27000	16
NC_001854.1	27000	1522000	0
NC_001851.2	0	1000	0
NC_001851.2	1000	2000	4
NC_001851.2	2000	9000	0
NC_001851.2	9000	10000	11
NC_001851.2	10000	11000	5
NC_001851.2	11000	12000	25
NC_001851.2	12000	13000	42
NC_001851.2	13000	1522000	0
NC_000953.1	0	15000	0
NC_000953.1	15000	16000	34
NC_000953.1	16000	18000	0
NC_000953.1	18000	19000	3
NC_000953.1	19000	26000	0
NC_000953.1	26000	27000	21
NC_000953.1	27000	28000	1
NC_000953.1	28000	1522000	0
NC_001852.1	0	1000	54
NC_001852.1	1000	2000	0
NC_001852.1	2000	3000	53
NC_001852.1	3000	4000	17
NC_001852.1	4000	8000	0
NC_001852.1	8000	9000	2
NC_001852.1	9000	10000	86
NC_001852.1	10000	11000	301
NC_001852.1	11000	29000	0
NC_001852.1	29000	30000	16
NC_001852.1	30000	1522000	0
NC_000952.1	0	1000	502
NC_000952.1	1000	20000	0
NC_000952.1	20000	21000	8
NC_000952.1	21000	22000	0
NC_000952.1	22000	23000	47
NC_000952.1	23000	29000	0
NC_000952.1	29000	30000	56
NC_000952.1	30000	1522000	0
