NC_001857.2	0	1000	191
NC_001857.2	1000	28000	0
NC_001857.2	28000	29000	48
NC_001857.2	29000	47000	0
NC_001857.2	47000	48000	4
NC_001857.2	48000	49000	0
NC_001857.2	49000	50000	28
NC_001857.2	50000	1522000	0
NC_000956.1	0	12000	0
NC_000956.1	12000	13000	7
NC_000956.1	13000	20000	0
NC_000956.1	20000	21000	30
NC_000956.1	21000	1522000	0
NC_000954.1	0	19000	0
NC_000954.1	19000	20000	12
NC_000954.1	20000	21000	6
NC_000954.1	21000	1522000	0
NC_001853.1	0	3000	0
NC_001853.1	3000	4000	32
NC_001853.1	4000	5000	391
NC_001853.1	5000	6000	81
NC_001853.1	6000	1522000	0
NC_001850.1	0	1000	106
NC_001850.1	1000	6000	0
NC_001850.1	6000	7000	210
NC_001850.1	7000	1522000	0
NC_000951.1	0	14000	0
NC_000951.1	14000	15000	4
NC_000951.1	15000	16000	11
NC_000951.1	16000	1522000	0
NC_001903.1	0	1000	12
NC_001903.1	1000	2000	0
NC_001903.1	2000	3000	129
NC_001903.1	3000	4000	181
NC_001903.1	4000	1522000	0
NC_000950.1	0	1000	133
NC_000950.1	1000	6000	0
NC_000950.1	6000	7000	111
NC_000950.1	7000	9000	0
NC_000950.1	9000	10000	31
NC_000950.1	10000	11000	0
NC_000950.1	11000	12000	24
NC_000950.1	12000	13000	131
NC_000950.1	13000	21000	0
NC_000950.1	21000	22000	16
NC_000950.1	22000	23000	126
NC_000950.1	23000	1522000	0
NC_001849.2	0	1000	0
NC_001849.2	1000	2000	189
NC_001849.2	2000	1522000	0
NC_000949.1	0	10000	0
NC_000949.1	10000	11000	199
NC_000949.1	11000	15000	0
NC_000949.1	15000	16000	99
NC_000949.1	16000	19000	0
NC_000949.1	19000	20000	49
NC_000949.1	20000	1522000	0
NC_001855.1	0	1000	23
NC_001855.1	1000	1522000	0
NC_001318.1	0	1000	281
NC_001318.1	1000	2000	292
NC_001318.1	2000	3000	288
NC_001318.1	3000	4000	288
NC_001318.1	4000	5000	273
NC_001318.1	5000	6000	299
NC_001318.1	6000	7000	329
NC_001318.1	7000	8000	310
NC_001318.1	8000	9000	299
NC_001318.1	9000	10000	279
NC_001318.1	10000	11000	258
NC_001318.1	11000	12000	284
NC_001318.1	12000	13000	289
NC_001318.1	13000	14000	296
NC_001318.1	14000	15000	295
NC_001318.1	15000	16000	285
NC_001318.1	16000	17000	309
NC_001318.1	17000	18000	21
NC_001318.1	18000	1522000	0
NC_001854.1	0	1000	0
NC_001854.1	1000	2000	84
NC_001854.1	2000	3000	104
NC_001854.1	3000	1522000	0
NC_001851.2	0	1000	0
NC_001851.2	1000	2000	10
NC_001851.2	2000	1522000	0
NC_000953.1	0	27000	0
NC_000953.1	27000	28000	48
NC_000953.1	28000	29000	66
NC_000953.1	29000	1522000	0
NC_001852.1	0	1000	319
NC_001852.1	1000	2000	272
NC_001852.1	2000	1522000	0
NC_000952.1	0	16000	0
NC_000952.1	16000	17000	9
NC_000952.1	17000	20000	0
NC_000952.1	20000	21000	89
NC_000952.1	21000	22000	44
NC_000952.1	22000	23000	111
NC_000952.1	23000	1522000	0
NC_000948.1	0	14000	0
NC_000948.1	14000	15000	12
NC_000948.1	15000	16000	0
NC_000948.1	16000	17000	5
NC_000948.1	17000	26000	0
NC_000948.1	26000	27000	19
NC_000948.1	27000	1522000	0
