NC_001857.2	0	1000	240
NC_001857.2	1000	49000	0
NC_001857.2	49000	50000	11
NC_001857.2	50000	1522000	0
NC_000949.1	0	6000	0
NC_000949.1	6000	7000	107
NC_000949.1	7000	1522000	0
NC_000954.1	0	18000	0
NC_000954.1	18000	19000	103
NC_000954.1	19000	1522000	0
NC_001856.1	0	1000	82
NC_001856.1	1000	10000	0
NC_001856.1	10000	11000	166
NC_001856.1	11000	31000	0
NC_001856.1	31000	32000	93
NC_001856.1	32000	1522000	0
NC_001855.1	0	1000	23
NC_001855.1	1000	3000	0
NC_001855.1	3000	4000	54
NC_001855.1	4000	5000	102
NC_001855.1	5000	27000	0
NC_001855.1	27000	28000	49
NC_001855.1	28000	29000	0
NC_001855.1	29000	30000	5
NC_001855.1	30000	33000	0
NC_001855.1	33000	34000	9
NC_001855.1	34000	1522000	0
NC_001850.1	0	6000	0
NC_001850.1	6000	7000	164
NC_001850.1	7000	21000	0
NC_001850.1	21000	22000	53
NC_001850.1	22000	23000	0
NC_001850.1	23000	24000	16
NC_001850.1	24000	1522000	0
NC_000951.1	0	1000	393
NC_000951.1	1000	12000	0
NC_000951.1	12000	13000	118
NC_000951.1	13000	15000	0
NC_000951.1	15000	16000	29
NC_000951.1	16000	22000	0
NC_000951.1	22000	23000	81
NC_000951.1	23000	1522000	0
NC_001853.1	0	3000	0
NC_001853.1	3000	4000	32
NC_001853.1	4000	5000	398
NC_001853.1	5000	6000	81
NC_001853.1	6000	1522000	0
NC_000950.1	0	15000	0
NC_000950.1	15000	16000	83
NC_000950.1	16000	17000	14
NC_000950.1	17000	22000	0
NC_000950.1	22000	23000	8
NC_000950.1	23000	1522000	0
NC_001849.2	0	1000	0
NC_001849.2	1000	2000	33
NC_001849.2	2000	3000	17
NC_001849.2	3000	4000	0
NC_001849.2	4000	5000	154
NC_001849.2	5000	6000	21
NC_001849.2	6000	1522000	0
NC_000956.1	0	18000	0
NC_000956.1	18000	19000	42
NC_000956.1	19000	20000	0
NC_000956.1	20000	21000	65
NC_000956.1	21000	22000	107
NC_000956.1	22000	31000	0
NC_000956.1	31000	32000	287
NC_000956.1	32000	33000	77
NC_000956.1	33000	1522000	0
NC_001903.1	0	1000	88
NC_001903.1	1000	11000	0
NC_001903.1	11000	12000	141
NC_001903.1	12000	13000	103
NC_001903.1	13000	1522000	0
NC_001318.1	0	1000	248
NC_001318.1	1000	2000	311
NC_001318.1	2000	3000	295
NC_001318.1	3000	4000	303
NC_001318.1	4000	5000	156
NC_001318.1	5000	6000	301
NC_001318.1	6000	7000	278
NC_001318.1	7000	8000	339
NC_001318.1	8000	9000	306
NC_001318.1	9000	10000	297
NC_001318.1	10000	11000	279
NC_001318.1	11000	12000	258
NC_001318.1	12000	13000	287
NC_001318.1	13000	14000	283
NC_001318.1	14000	15000	298
NC_001318.1	15000	16000	282
NC_001318.1	16000	17000	274
NC_001318.1	17000	18000	311
NC_001318.1	18000	1522000	0
NC_001854.1	0	1000	0
NC_001854.1	1000	2000	86
NC_001854.1	2000	3000	111
NC_001854.1	3000	1522000	0
NC_001851.2	0	1000	0
NC_001851.2	1000	2000	10
NC_001851.2	2000	3000	0
NC_001851.2	3000	4000	13
NC_001851.2	4000	1522000	0
NC_000953.1	0	12000	0
NC_000953.1	12000	13000	106
NC_000953.1	13000	15000	0
NC_000953.1	15000	16000	13
NC_000953.1	16000	1522000	0
NC_001904.1	0	1000	29
NC_001904.1	1000	6000	0
NC_001904.1	6000	7000	15
NC_001904.1	7000	8000	0
NC_001904.1	8000	9000	10
NC_001904.1	9000	1522000	0
NC_000952.1	0	1000	388
NC_000952.1	1000	18000	0
NC_000952.1	18000	19000	277
NC_000952.1	19000	1522000	0
NC_001852.1	0	1000	268
NC_001852.1	1000	8000	0
NC_001852.1	8000	9000	2
NC_001852.1	9000	10000	66
NC_001852.1	10000	18000	0
NC_001852.1	18000	19000	26
NC_001852.1	19000	20000	388
NC_001852.1	20000	21000	4
NC_001852.1	21000	1522000	0
