NC_001857.2	0	1000	241
NC_001857.2	1000	49000	0
NC_001857.2	49000	50000	11
NC_001857.2	50000	1522000	0
NC_000949.1	0	6000	0
NC_000949.1	6000	7000	107
NC_000949.1	7000	1522000	0
NC_000954.1	0	12000	0
NC_000954.1	12000	13000	66
NC_000954.1	13000	15000	0
NC_000954.1	15000	16000	42
NC_000954.1	16000	17000	0
NC_000954.1	17000	18000	19
NC_000954.1	18000	19000	103
NC_000954.1	19000	1522000	0
NC_001856.1	0	1000	82
NC_001856.1	1000	10000	0
NC_001856.1	10000	11000	166
NC_001856.1	11000	31000	0
NC_001856.1	31000	32000	93
NC_001856.1	32000	1522000	0
NC_001855.1	0	1000	23
NC_001855.1	1000	3000	0
NC_001855.1	3000	4000	54
NC_001855.1	4000	5000	102
NC_001855.1	5000	27000	0
NC_001855.1	27000	28000	49
NC_001855.1	28000	29000	0
NC_001855.1	29000	30000	5
NC_001855.1	30000	33000	0
NC_001855.1	33000	34000	9
NC_001855.1	34000	1522000	0
NC_001850.1	0	6000	0
NC_001850.1	6000	7000	164
NC_001850.1	7000	21000	0
NC_001850.1	21000	22000	53
NC_001850.1	22000	23000	0
NC_001850.1	23000	24000	16
NC_001850.1	24000	1522000	0
NC_000951.1	0	1000	317
NC_000951.1	1000	17000	0
NC_000951.1	17000	18000	84
NC_000951.1	18000	22000	0
NC_000951.1	22000	23000	81
NC_000951.1	23000	1522000	0
NC_001853.1	0	3000	0
NC_001853.1	3000	4000	32
NC_001853.1	4000	5000	398
NC_001853.1	5000	6000	81
NC_001853.1	6000	1522000	0
NC_000950.1	0	7000	0
NC_000950.1	7000	8000	70
NC_000950.1	8000	11000	0
NC_000950.1	11000	12000	27
NC_000950.1	12000	13000	102
NC_000950.1	13000	15000	0
NC_000950.1	15000	16000	52
NC_000950.1	16000	21000	0
NC_000950.1	21000	22000	3
NC_000950.1	22000	1522000	0
NC_001849.2	0	1000	0
NC_001849.2	1000	2000	33
NC_001849.2	2000	3000	17
NC_001849.2	3000	4000	0
NC_001849.2	4000	5000	154
NC_001849.2	5000	6000	21
NC_001849.2	6000	1522000	0
NC_000956.1	0	10000	0
NC_000956.1	10000	11000	125
NC_000956.1	11000	18000	0
NC_000956.1	18000	19000	56
NC_000956.1	19000	20000	20
NC_000956.1	20000	21000	65
NC_000956.1	21000	22000	107
NC_000956.1	22000	31000	0
NC_000956.1	31000	32000	68
NC_000956.1	32000	33000	76
NC_000956.1	33000	1522000	0
NC_001903.1	0	1000	115
NC_001903.1	1000	13000	0
NC_001903.1	13000	14000	155
NC_001903.1	14000	15000	62
NC_001903.1	15000	1522000	0
NC_001318.1	0	1000	248
NC_001318.1	1000	2000	311
NC_001318.1	2000	3000	295
NC_001318.1	3000	4000	302
NC_001318.1	4000	5000	157
NC_001318.1	5000	6000	300
NC_001318.1	6000	7000	281
NC_001318.1	7000	8000	336
NC_001318.1	8000	9000	307
NC_001318.1	9000	10000	297
NC_001318.1	10000	11000	279
NC_001318.1	11000	12000	257
NC_001318.1	12000	13000	287
NC_001318.1	13000	14000	284
NC_001318.1	14000	15000	299
NC_001318.1	15000	16000	283
NC_001318.1	16000	17000	273
NC_001318.1	17000	18000	311
NC_001318.1	18000	19000	4
NC_001318.1	19000	1522000	0
NC_001854.1	0	1000	0
NC_001854.1	1000	2000	75
NC_001854.1	2000	3000	118
NC_001854.1	3000	1522000	0
NC_001851.2	0	1000	0
NC_001851.2	1000	2000	10
NC_001851.2	2000	3000	0
NC_001851.2	3000	4000	13
NC_001851.2	4000	1522000	0
NC_000953.1	0	27000	0
NC_000953.1	27000	28000	42
NC_000953.1	28000	29000	42
NC_000953.1	29000	1522000	0
NC_001904.1	0	1000	29
NC_001904.1	1000	6000	0
NC_001904.1	6000	7000	25
NC_001904.1	7000	1522000	0
NC_000952.1	0	1000	208
NC_000952.1	1000	18000	0
NC_000952.1	18000	19000	277
NC_000952.1	19000	28000	0
NC_000952.1	28000	29000	83
NC_000952.1	29000	1522000	0
NC_001852.1	0	1000	268
NC_001852.1	1000	19000	0
NC_001852.1	19000	20000	308
NC_001852.1	20000	21000	4
NC_001852.1	21000	1522000	0
