NC_001853.1
1 1633
NC_000949.1
1 1026
26678 30223
NC_001855.1
34503 34650
35364 36409
NC_001318.1
NC_001854.1
1 444
26169 27323
NC_001904.1
1 217
2662 2815
5840 6051
9331 9386
NC_000948.1
1 30750
NC_001857.2
NC_001856.1
NC_000951.1
NC_000950.1
NC_001850.1
NC_000956.1
514 1101
1909 2360
50346 52971
NC_001903.1
NC_001851.2
27372 28155
NC_001852.1
NC_000957.1
1 4529
4531 5228
NC_000954.1
NC_000955.2
1 1613
3673 3733
3883 3945
4188 4676
4944 5006
5390 5450
5677 6052
6601 6661
6911 7038
7536 7596
7851 7911
8409 8532
8667 8792
9469 9655
9844 10093
10472 10660
11040 11161
11413 11475
11621 11920
12167 12229
12850 12909
NC_001849.2
NC_000953.1
1 12560
20772 27873
NC_000952.1
12569 18804
26184 30800
