NC_001852.1	0	1000	34
NC_001852.1	1000	2000	0
NC_001852.1	2000	3000	51
NC_001852.1	3000	8000	0
NC_001852.1	8000	9000	4
NC_001852.1	9000	10000	150
NC_001852.1	10000	11000	271
NC_001852.1	11000	18000	0
NC_001852.1	18000	19000	26
NC_001852.1	19000	20000	290
NC_001852.1	20000	21000	11
NC_001852.1	21000	1522000	0
NC_001857.2	0	1000	47
NC_001857.2	1000	16000	0
NC_001857.2	16000	17000	132
NC_001857.2	17000	49000	0
NC_001857.2	49000	50000	18
NC_001857.2	50000	1522000	0
NC_000954.1	0	13000	0
NC_000954.1	13000	14000	114
NC_000954.1	14000	17000	0
NC_000954.1	17000	18000	7
NC_000954.1	18000	1522000	0
NC_001849.2	0	2000	0
NC_001849.2	2000	3000	16
NC_001849.2	3000	4000	1
NC_001849.2	4000	5000	148
NC_001849.2	5000	15000	0
NC_001849.2	15000	16000	20
NC_001849.2	16000	1522000	0
NC_001850.1	0	1000	127
NC_001850.1	1000	1522000	0
NC_000951.1	0	22000	0
NC_000951.1	22000	23000	48
NC_000951.1	23000	24000	228
NC_000951.1	24000	1522000	0
NC_001853.1	0	1000	59
NC_001853.1	1000	1522000	0
NC_000950.1	0	1000	239
NC_000950.1	1000	1522000	0
NC_000957.1	0	1000	1
NC_000957.1	1000	1522000	0
NC_000956.1	0	18000	0
NC_000956.1	18000	19000	33
NC_000956.1	19000	25000	0
NC_000956.1	25000	26000	22
NC_000956.1	26000	1522000	0
NC_001903.1	0	1000	187
NC_001903.1	1000	12000	0
NC_001903.1	12000	13000	79
NC_001903.1	13000	14000	110
NC_001903.1	14000	1522000	0
NC_001318.1	0	1000	275
NC_001318.1	1000	2000	285
NC_001318.1	2000	3000	308
NC_001318.1	3000	4000	248
NC_001318.1	4000	5000	297
NC_001318.1	5000	6000	282
NC_001318.1	6000	7000	334
NC_001318.1	7000	8000	297
NC_001318.1	8000	9000	318
NC_001318.1	9000	10000	294
NC_001318.1	10000	11000	295
NC_001318.1	11000	12000	296
NC_001318.1	12000	13000	274
NC_001318.1	13000	14000	298
NC_001318.1	14000	15000	288
NC_001318.1	15000	16000	309
NC_001318.1	16000	17000	60
NC_001318.1	17000	1522000	0
NC_001854.1	0	1000	0
NC_001854.1	1000	2000	21
NC_001854.1	2000	7000	0
NC_001854.1	7000	8000	23
NC_001854.1	8000	9000	170
NC_001854.1	9000	25000	0
NC_001854.1	25000	26000	3
NC_001854.1	26000	27000	19
NC_001854.1	27000	1522000	0
NC_001851.2	0	1000	17
NC_001851.2	1000	1522000	0
NC_001855.1	0	1000	20
NC_001855.1	1000	3000	0
NC_001855.1	3000	4000	64
NC_001855.1	4000	5000	48
NC_001855.1	5000	1522000	0
NC_000953.1	0	27000	0
NC_000953.1	27000	28000	45
NC_000953.1	28000	29000	46
NC_000953.1	29000	1522000	0
NC_001904.1	0	1000	78
NC_001904.1	1000	7000	0
NC_001904.1	7000	8000	22
NC_001904.1	8000	1522000	0
NC_000952.1	0	1000	1106
NC_000952.1	1000	2000	155
NC_000952.1	2000	1522000	0
NC_000948.1	0	18000	0
NC_000948.1	18000	19000	75
NC_000948.1	19000	20000	7
NC_000948.1	20000	23000	0
NC_000948.1	23000	24000	144
NC_000948.1	24000	1522000	0
