Sample	# contigs (>= 0 bp)	# contigs (>= 1000 bp)	# contigs (>= 5000 bp)	# contigs (>= 10000 bp)	# contigs (>= 25000 bp)	# contigs (>= 50000 bp)	Total length (>= 0 bp)	Total length (>= 1000 bp)	Total length (>= 5000 bp)	Total length (>= 10000 bp)	Total length (>= 25000 bp)	Total length (>= 50000 bp)	# contigs	Largest contig	Total length	Reference length	GC (%)	Reference GC (%)	N50	NG50	N90	NG90	auN	auNG	L50	LG50	L90	LG90	# misassemblies	# misassembled contigs	Misassembled contigs length	# local misassemblies	# scaffold gap ext. mis.	# scaffold gap loc. mis.	# unaligned mis. contigs	# unaligned contigs	# unaligned contigs_partial	Unaligned length	Genome fraction (%)	Duplication ratio	# N's per 100 kbp	# mismatches per 100 kbp	# indels per 100 kbp	# genomic features	# genomic features_partial	Largest alignment	Total aligned length	NA50	NGA50	NA90	NGA90	auNA	auNGA	LA50	LGA50	LA90	LGA90
B331PP	19.0	19.0	19.0	18.0	14.0	2.0	1409078.0	1409078.0	1409078.0	1400364.0	1318606.0	957412.0	19.0	903654.0	1409078.0	1521208.0	28.3	28.18	903654.0	903654.0	27641.0	18340.0	590638.9	547102.2	1.0	1.0	13.0	17.0	24.0	12.0	374752.0	10.0	0.0	0.0	3.0	0.0	13.0	113060.0	78.783	1.08	0.0	932.37	60.88	1250.0	39.0	903464.0	1294341.0	903464.0	903464.0	2247.0	-	585147.2	542015.4	1.0	1.0	30.0	-
B418PP	18.0	18.0	18.0	17.0	13.0	2.0	1376853.0	1376853.0	1376853.0	1368131.0	1289988.0	956578.0	18.0	902773.0	1376853.0	1521208.0	28.32	28.18	902773.0	902773.0	27767.0	8722.0	602623.9	545437.9	1.0	1.0	12.0	18.0	16.0	8.0	251361.0	7.0	0.0	0.0	4.0	1.0	14.0	137251.0	80.193	1.013	0.0	851.29	51.15	1270.0	48.0	902593.0	1235661.0	902593.0	902593.0	-	-	597197.3	540526.2	1.0	1.0	-	-
B500PP	19.0	19.0	19.0	19.0	15.0	2.0	1429303.0	1429303.0	1429303.0	1429303.0	1346823.0	957418.0	19.0	903660.0	1429303.0	1521208.0	28.21	28.18	903660.0	903660.0	27715.0	24387.0	582816.5	547605.2	1.0	1.0	13.0	16.0	36.0	15.0	445637.0	17.0	0.0	0.0	1.0	0.0	13.0	91974.0	82.511	1.059	0.0	988.31	69.57	1304.0	49.0	903470.0	1329549.0	903470.0	903470.0	4162.0	-	577097.1	542231.3	1.0	1.0	28.0	-
ESI26H	64.0	19.0	12.0	12.0	9.0	3.0	1276481.0	1261812.0	1250609.0	1250609.0	1195814.0	1022869.0	26.0	910396.0	1266427.0	1521208.0	28.49	28.18	910396.0	910396.0	26979.0	-	664340.0	553072.4	1.0	1.0	7.0	-	14.0	6.0	157202.0	4.0	0.0	0.0	0.0	3.0	5.0	140199.0	72.915	1.015	0.0	488.39	31.81	1159.0	41.0	910396.0	1125333.0	910396.0	910396.0	-	-	657497.0	547375.5	1.0	1.0	-	-
ESI36H	11.0	11.0	9.0	9.0	7.0	3.0	1182078.0	1182078.0	1174817.0	1174817.0	1131930.0	1019108.0	11.0	909934.0	1182078.0	1521208.0	28.21	28.18	909934.0	909934.0	28638.0	-	709008.6	550946.0	1.0	1.0	5.0	-	14.0	4.0	142865.0	6.0	0.0	0.0	1.0	0.0	7.0	67218.0	72.107	1.011	0.0	738.26	33.18	1139.0	32.0	904537.0	1109088.0	904537.0	904537.0	7401.0	-	696317.0	541083.8	1.0	1.0	9.0	-
ESI403H	34.0	20.0	16.0	15.0	12.0	3.0	1364813.0	1360620.0	1350272.0	1341177.0	1281323.0	1014244.0	23.0	910442.0	1362461.0	1521208.0	28.26	28.18	910442.0	910442.0	29808.0	-	619229.7	554609.4	1.0	1.0	10.0	-	10.0	5.0	140010.0	4.0	0.0	0.0	1.0	1.0	9.0	72536.0	83.085	1.019	0.0	541.99	35.63	1339.0	43.0	909795.0	1288209.0	909795.0	909795.0	15315.0	-	614837.8	550675.8	1.0	1.0	14.0	-
ESI425H	21.0	17.0	15.0	15.0	12.0	5.0	1260215.0	1258483.0	1251728.0	1251728.0	1194982.0	995150.0	18.0	434789.0	1259311.0	1521208.0	28.24	28.18	342816.0	342816.0	27761.0	-	262972.6	217698.3	2.0	2.0	10.0	-	12.0	4.0	145460.0	13.0	0.0	0.0	2.0	1.0	10.0	120708.0	73.825	1.013	0.0	813.35	39.89	1159.0	40.0	434789.0	1138005.0	342816.0	342816.0	1204.0	-	257501.5	213169.1	2.0	2.0	25.0	-
GCA_002151465.1_ASM215146v1_genomic	12.0	12.0	12.0	12.0	11.0	3.0	1288112.0	1288112.0	1288112.0	1288112.0	1271292.0	1016542.0	12.0	909921.0	1288112.0	1521208.0	28.35	28.18	909921.0	909921.0	30580.0	-	653782.8	553603.1	1.0	1.0	8.0	-	1.0	1.0	30674.0	1.0	0.0	0.0	0.0	0.0	2.0	2718.0	82.706	1.022	0.0	44.27	10.74	1376.0	4.0	909921.0	1285192.0	909921.0	909921.0	30223.0	-	653391.7	553271.9	1.0	1.0	8.0	-
GCA_002151485.1_ASM215148v1_genomic	11.0	11.0	11.0	11.0	10.0	5.0	1301554.0	1301554.0	1301554.0	1301554.0	1284754.0	1136219.0	11.0	910728.0	1301554.0	1521208.0	28.51	28.18	910728.0	910728.0	36846.0	-	650734.9	556772.4	1.0	1.0	6.0	-	4.0	3.0	150115.0	2.0	0.0	0.0	0.0	0.0	2.0	13510.0	83.072	1.019	0.0	110.48	14.05	1400.0	9.0	910728.0	1288038.0	910728.0	910728.0	28157.0	-	648292.6	554682.8	1.0	1.0	8.0	-
GCA_002151505.1_ASM215150v1_genomic	13.0	13.0	13.0	13.0	11.0	4.0	1341182.0	1341182.0	1341182.0	1341182.0	1302470.0	1077940.0	13.0	909921.0	1341182.0	1521208.0	28.45	28.18	909921.0	909921.0	30651.0	-	630401.3	555797.0	1.0	1.0	8.0	-	2.0	2.0	92663.0	1.0	0.0	0.0	0.0	0.0	2.0	13510.0	85.499	1.021	0.0	93.47	15.29	1430.0	10.0	909921.0	1327665.0	909921.0	909921.0	30222.0	-	628487.5	554109.7	1.0	1.0	9.0	-
GCA_002442595.2_ASM244259v2_genomic	19.0	19.0	19.0	18.0	14.0	2.0	1409089.0	1409089.0	1409089.0	1400375.0	1318614.0	957413.0	19.0	903654.0	1409089.0	1521208.0	28.3	28.18	903654.0	903654.0	27643.0	18340.0	590634.8	547102.7	1.0	1.0	13.0	17.0	24.0	12.0	374760.0	10.0	0.0	0.0	3.0	0.0	13.0	113068.0	78.783	1.08	0.0	932.37	60.88	1250.0	39.0	903464.0	1294341.0	903464.0	903464.0	2247.0	-	585142.7	542015.4	1.0	1.0	30.0	-
GCA_003367295.1_ASM336729v1_genomic	16.0	16.0	16.0	16.0	9.0	2.0	1280240.0	1280240.0	1280240.0	1280240.0	1161007.0	962310.0	16.0	908512.0	1280240.0	1521208.0	28.24	28.18	908512.0	908512.0	26507.0	-	653097.9	549643.5	1.0	1.0	9.0	-	16.0	6.0	133618.0	7.0	0.0	0.0	3.0	0.0	12.0	123725.0	75.032	1.009	0.0	758.69	44.05	1183.0	49.0	904648.0	1151059.0	904648.0	904648.0	-	-	643463.5	541535.2	1.0	1.0	-	-
GCA_019134655.1_ASM1913465v1_genomic	11.0	11.0	11.0	11.0	10.0	2.0	1217256.0	1217256.0	1217256.0	1217256.0	1199051.0	961768.0	11.0	909995.0	1217256.0	1521208.0	28.45	28.18	909995.0	909995.0	29645.0	-	688566.0	550983.9	1.0	1.0	7.0	-	13.0	6.0	179875.0	9.0	0.0	0.0	0.0	0.0	8.0	74069.0	73.334	1.018	1.64	837.36	39.56	1160.0	32.0	904588.0	1135119.0	904588.0	904588.0	7716.0	-	676857.7	541615.1	1.0	1.0	11.0	-
GCA_019464575.1_ASM1946457v1_genomic	19.0	19.0	19.0	19.0	15.0	2.0	1429304.0	1429304.0	1429304.0	1429304.0	1346823.0	957418.0	19.0	903660.0	1429304.0	1521208.0	28.21	28.18	903660.0	903660.0	27715.0	24387.0	582816.1	547605.2	1.0	1.0	13.0	16.0	30.0	14.0	427297.0	12.0	0.0	0.0	2.0	0.0	13.0	100342.0	81.123	1.076	0.0	948.06	69.76	1278.0	40.0	903470.0	1327445.0	903470.0	903470.0	3158.0	-	577381.0	542498.4	1.0	1.0	26.0	-
GCA_024662155.1_ASM2466215v1_genomic	18.0	18.0	18.0	18.0	14.0	2.0	1392060.0	1392060.0	1392060.0	1392060.0	1314493.0	956810.0	18.0	903249.0	1392060.0	1521208.0	28.26	28.18	903249.0	903249.0	27525.0	18341.0	596979.7	546297.1	1.0	1.0	12.0	17.0	23.0	12.0	370887.0	8.0	0.0	0.0	3.0	0.0	13.0	105249.0	79.527	1.063	0.0	892.56	59.71	1256.0	37.0	903249.0	1286194.0	903249.0	903249.0	2562.0	-	592135.9	541864.6	1.0	1.0	25.0	-
GCA_024662175.1_ASM2466217v1_genomic	18.0	18.0	18.0	18.0	15.0	2.0	1417706.0	1417706.0	1417706.0	1417706.0	1357402.0	974305.0	18.0	920773.0	1417706.0	1521208.0	28.16	28.18	920773.0	920773.0	28768.0	21173.0	608890.7	567462.2	1.0	1.0	12.0	16.0	18.0	10.0	1203046.0	14.0	0.0	0.0	3.0	0.0	15.0	177750.0	78.659	1.036	0.0	844.86	51.95	1255.0	46.0	905132.0	1239616.0	905132.0	905132.0	-	-	582296.2	542677.2	1.0	1.0	-	-
GCA_024662195.1_ASM2466219v1_genomic	21.0	21.0	21.0	20.0	17.0	3.0	1513701.0	1513701.0	1513701.0	1504314.0	1444849.0	1015796.0	21.0	909655.0	1513701.0	1521208.0	28.2	28.18	909655.0	909655.0	28447.0	28332.0	560014.8	557251.1	1.0	1.0	14.0	15.0	0.0	0.0	0.0	0.0	0.0	0.0	0.0	0.0	0.0	0.0	99.439	1.0	0.0	1.98	4.36	1669.0	16.0	909651.0	1512668.0	909651.0	909651.0	28332.0	27991.0	559971.8	557208.4	1.0	1.0	14.0	15.0
GCA_030439605.1_ASM3043960v1_genomic	4.0	4.0	4.0	4.0	3.0	2.0	1007753.0	1007753.0	1007753.0	1007753.0	990825.0	964327.0	4.0	910655.0	1007753.0	1521208.0	28.42	28.18	910655.0	910655.0	910655.0	-	826752.1	547697.6	1.0	1.0	1.0	-	0.0	0.0	0.0	0.0	0.0	0.0	0.0	0.0	0.0	0.0	66.238	1.0	0.0	3.28	3.37	1049.0	1.0	910655.0	1007623.0	910655.0	910655.0	910655.0	-	826746.2	547693.7	1.0	1.0	1.0	-
GCA_030439625.1_ASM3043962v1_genomic	4.0	4.0	4.0	4.0	3.0	2.0	1007827.0	1007827.0	1007827.0	1007827.0	990606.0	964152.0	4.0	910422.0	1007827.0	1521208.0	28.41	28.18	910422.0	910422.0	910422.0	-	826284.2	547427.8	1.0	1.0	1.0	-	1.0	1.0	17221.0	2.0	0.0	0.0	0.0	0.0	0.0	0.0	66.236	1.0	0.0	331.98	17.27	1047.0	3.0	910422.0	1007303.0	910422.0	910422.0	910422.0	-	826220.5	547385.6	1.0	1.0	1.0	-
GCA_030439665.1_ASM3043966v1_genomic	4.0	4.0	4.0	4.0	3.0	2.0	1000122.0	1000122.0	1000122.0	1000122.0	984026.0	957520.0	4.0	902811.0	1000122.0	1521208.0	28.45	28.18	902811.0	902811.0	902811.0	-	818922.5	538402.7	1.0	1.0	1.0	-	1.0	1.0	16096.0	3.0	0.0	0.0	0.0	0.0	2.0	2277.0	65.614	0.999	0.0	551.26	21.27	1035.0	8.0	902628.0	996816.0	902628.0	902628.0	902628.0	-	818390.7	538053.0	1.0	1.0	1.0	-
GCA_030440345.1_ASM3044034v1_genomic	4.0	4.0	4.0	4.0	3.0	2.0	1006065.0	1006065.0	1006065.0	1006065.0	988121.0	961607.0	4.0	907764.0	1006065.0	1521208.0	28.44	28.18	907764.0	907764.0	907764.0	-	822968.2	544277.7	1.0	1.0	1.0	-	1.0	1.0	53843.0	1.0	0.0	0.0	0.0	0.0	2.0	8350.0	65.394	1.0	0.0	529.06	19.61	1032.0	4.0	904647.0	994593.0	904647.0	904647.0	46521.0	-	816478.5	539985.6	1.0	1.0	2.0	-
GCA_030444985.1_ASM3044498v1_genomic	4.0	4.0	4.0	4.0	3.0	2.0	1007632.0	1007632.0	1007632.0	1007632.0	990728.0	964230.0	4.0	910563.0	1007632.0	1521208.0	28.42	28.18	910563.0	910563.0	910563.0	-	826683.8	547586.5	1.0	1.0	1.0	-	0.0	0.0	0.0	0.0	0.0	0.0	0.0	0.0	0.0	0.0	66.243	1.0	0.0	8.73	4.07	1050.0	0.0	910563.0	1007503.0	910563.0	910563.0	910563.0	-	826677.9	547582.7	1.0	1.0	1.0	-
GCA_030445005.1_ASM3044500v1_genomic	4.0	4.0	4.0	4.0	3.0	2.0	1007828.0	1007828.0	1007828.0	1007828.0	990606.0	964152.0	4.0	910422.0	1007828.0	1521208.0	28.41	28.18	910422.0	910422.0	910422.0	-	826283.4	547427.8	1.0	1.0	1.0	-	1.0	1.0	17222.0	2.0	0.0	0.0	0.0	0.0	0.0	0.0	66.236	1.0	0.0	331.98	17.17	1047.0	3.0	910422.0	1007304.0	910422.0	910422.0	910422.0	-	826219.8	547385.6	1.0	1.0	1.0	-
GCA_030445025.1_ASM3044502v1_genomic	4.0	4.0	4.0	4.0	3.0	2.0	1008124.0	1008124.0	1008124.0	1008124.0	990842.0	964338.0	4.0	910663.0	1008124.0	1521208.0	28.4	28.18	910663.0	910663.0	910663.0	-	826475.0	547715.5	1.0	1.0	1.0	-	1.0	1.0	17282.0	2.0	0.0	0.0	0.0	0.0	0.0	0.0	66.231	1.0	0.0	337.59	16.97	1046.0	4.0	910486.0	1007424.0	910486.0	910486.0	910486.0	-	826091.5	547461.4	1.0	1.0	1.0	-
GCA_030445065.1_ASM3044506v1_genomic	4.0	4.0	4.0	4.0	3.0	2.0	1006503.0	1006503.0	1006503.0	1006503.0	989986.0	963461.0	4.0	910229.0	1006503.0	1521208.0	28.43	28.18	910229.0	910229.0	910229.0	-	826949.2	547148.6	1.0	1.0	1.0	-	1.0	1.0	16517.0	3.0	0.0	0.0	0.0	0.0	0.0	0.0	66.14	1.0	0.0	286.2	12.82	1044.0	5.0	910229.0	1005955.0	910229.0	910229.0	910229.0	-	826887.8	547108.0	1.0	1.0	1.0	-
GCA_032595375.1_ASM3259537v1_genomic	4.0	4.0	4.0	4.0	3.0	2.0	1007086.0	1007086.0	1007086.0	1007086.0	989778.0	963273.0	4.0	909591.0	1007086.0	1521208.0	28.41	28.18	909591.0	909591.0	909591.0	-	825390.9	546433.9	1.0	1.0	1.0	-	1.0	1.0	17308.0	2.0	0.0	0.0	0.0	0.0	0.0	0.0	66.173	1.0	0.0	347.73	17.68	1045.0	5.0	909583.0	1006518.0	909583.0	909583.0	909583.0	-	825313.8	546382.8	1.0	1.0	1.0	-
GCA_032595515.1_ASM3259551v1_genomic	4.0	4.0	4.0	4.0	3.0	1.0	1004596.0	1004596.0	1004596.0	1004596.0	987311.0	911399.0	4.0	911399.0	1004596.0	1521208.0	28.4	28.18	911399.0	911399.0	911399.0	-	830273.7	548307.4	1.0	1.0	1.0	-	2.0	2.0	928684.0	2.0	2.0	7.0	0.0	0.0	0.0	0.0	65.163	1.003	982.88	338.46	17.2	1016.0	17.0	901525.0	994219.0	901525.0	901525.0	49389.0	-	812393.0	536499.1	1.0	1.0	2.0	-
GCA_032595535.1_ASM3259553v1_genomic	4.0	4.0	4.0	4.0	3.0	2.0	1005759.0	1005759.0	1005759.0	1005759.0	985923.0	960224.0	4.0	909722.0	1005759.0	1521208.0	28.44	28.18	909722.0	909722.0	909722.0	-	826439.0	546406.9	1.0	1.0	1.0	-	2.0	2.0	929558.0	3.0	0.0	10.0	0.0	0.0	3.0	8440.0	64.803	1.0	1129.5	569.01	19.27	1013.0	23.0	896938.0	985924.0	896938.0	896938.0	50457.0	-	803201.3	531043.0	1.0	1.0	2.0	-
GCA_032595755.1_ASM3259575v1_genomic	4.0	4.0	4.0	4.0	3.0	2.0	1006563.0	1006563.0	1006563.0	1006563.0	988428.0	961940.0	4.0	910071.0	1006563.0	1521208.0	28.39	28.18	910071.0	910071.0	910071.0	-	826525.6	546901.0	1.0	1.0	1.0	-	0.0	0.0	0.0	3.0	0.0	23.0	0.0	0.0	2.0	7287.0	62.696	1.0	4547.55	586.83	24.44	962.0	42.0	862433.0	953433.0	862433.0	862433.0	51806.0	-	742464.6	491278.9	1.0	1.0	2.0	-
GCA_038801875.1_ASM3880187v1_genomic	2.0	2.0	2.0	2.0	2.0	1.0	946504.0	946504.0	946504.0	946504.0	946504.0	919990.0	2.0	919990.0	946504.0	1521208.0	28.44	28.18	919990.0	919990.0	919990.0	-	894961.5	556849.9	1.0	1.0	1.0	-	1.0	1.0	919990.0	5.0	0.0	0.0	0.0	0.0	1.0	3008.0	62.046	1.0	0.0	522.63	18.34	968.0	4.0	905455.0	943489.0	905455.0	905455.0	905455.0	-	867069.0	539495.1	1.0	1.0	1.0	-
GCA_040790715.1_ASM4079071v1_genomic	14.0	14.0	14.0	14.0	11.0	2.0	1289159.0	1289159.0	1289159.0	1289159.0	1222603.0	962616.0	14.0	908738.0	1289159.0	1521208.0	28.02	28.18	908738.0	908738.0	27454.0	-	649834.5	550707.0	1.0	1.0	9.0	-	20.0	9.0	1163183.0	11.0	0.0	0.0	2.0	0.0	11.0	110239.0	77.188	1.003	0.0	730.03	47.72	1224.0	35.0	468321.0	1177616.0	435045.0	435045.0	2437.0	-	321701.9	272628.7	2.0	2.0	21.0	-
GCA_040790735.1_ASM4079073v1_genomic	18.0	18.0	18.0	18.0	13.0	2.0	1391486.0	1391486.0	1391486.0	1391486.0	1288594.0	963376.0	18.0	909471.0	1391486.0	1521208.0	28.27	28.18	909471.0	909471.0	27192.0	18015.0	605012.4	553419.5	1.0	1.0	12.0	17.0	20.0	11.0	1204252.0	14.0	0.0	0.0	2.0	0.0	16.0	156722.0	78.701	1.031	0.07	833.46	45.12	1268.0	33.0	468258.0	1234607.0	435179.0	435179.0	-	-	298641.1	273174.2	2.0	2.0	-	-
GCA_040790745.1_ASM4079074v1_genomic	18.0	18.0	18.0	17.0	12.0	2.0	1371468.0	1371468.0	1371468.0	1362746.0	1260568.0	956638.0	18.0	902797.0	1371468.0	1521208.0	28.18	28.18	902797.0	902797.0	26498.0	8722.0	604810.6	545276.1	1.0	1.0	12.0	18.0	18.0	8.0	251347.0	7.0	0.0	0.0	4.0	1.0	14.0	131138.0	80.962	1.006	0.36	860.85	53.89	1284.0	53.0	902617.0	1239475.0	902617.0	902617.0	912.0	-	599585.0	540564.9	1.0	1.0	39.0	-
GCA_040790755.1_ASM4079075v1_genomic	16.0	16.0	16.0	14.0	12.0	2.0	1321156.0	1321156.0	1321156.0	1307066.0	1262263.0	957421.0	16.0	902698.0	1321156.0	1521208.0	28.35	28.18	902698.0	902698.0	29570.0	-	626997.0	544541.5	1.0	1.0	10.0	-	21.0	10.0	293639.0	11.0	0.0	0.0	0.0	0.0	10.0	64441.0	80.789	1.021	0.08	838.73	53.63	1287.0	52.0	902578.0	1254867.0	902578.0	902578.0	8843.0	-	623028.2	541094.6	1.0	1.0	15.0	-
GCA_040790765.1_ASM4079076v1_genomic	19.0	19.0	18.0	17.0	15.0	2.0	1397896.0	1397896.0	1393143.0	1383762.0	1340585.0	963746.0	19.0	910079.0	1397896.0	1521208.0	28.28	28.18	910079.0	910079.0	27762.0	18208.0	603159.6	554266.3	1.0	1.0	12.0	17.0	16.0	6.0	149059.0	6.0	0.0	0.0	5.0	0.0	14.0	171625.0	77.689	1.031	0.0	832.72	44.26	1243.0	36.0	904581.0	1217932.0	904581.0	904581.0	-	-	589951.2	542128.7	1.0	1.0	-	-
GCA_040790775.1_ASM4079077v1_genomic	17.0	17.0	17.0	17.0	14.0	3.0	1417953.0	1417953.0	1417953.0	1417953.0	1357768.0	1014483.0	17.0	907632.0	1417953.0	1521208.0	28.07	28.18	907632.0	907632.0	28647.0	24443.0	593516.4	553230.3	1.0	1.0	12.0	15.0	4.0	2.0	53090.0	0.0	0.0	0.0	0.0	0.0	2.0	2903.0	92.908	1.001	0.0	1.06	3.96	1538.0	9.0	907632.0	1414283.0	907632.0	907632.0	28599.0	20854.0	593283.5	553013.2	1.0	1.0	12.0	15.0
GCA_040790785.1_ASM4079078v1_genomic	18.0	18.0	18.0	17.0	14.0	2.0	1383845.0	1383845.0	1383845.0	1375138.0	1310904.0	963746.0	18.0	910048.0	1383845.0	1521208.0	28.34	28.18	910048.0	910048.0	27456.0	18115.0	608897.0	553914.4	1.0	1.0	12.0	17.0	14.0	5.0	134894.0	6.0	0.0	0.0	6.0	0.0	14.0	155833.0	78.758	1.018	0.07	813.36	47.49	1269.0	42.0	904600.0	1219136.0	904600.0	904600.0	-	-	596078.7	542253.6	1.0	1.0	-	-
GCA_040790795.1_ASM4079079v1_genomic	16.0	16.0	16.0	16.0	11.0	2.0	1325608.0	1325608.0	1325608.0	1325608.0	1226350.0	970623.0	16.0	916773.0	1325608.0	1521208.0	28.07	28.18	916773.0	916773.0	26512.0	-	643292.9	560577.0	1.0	1.0	10.0	-	15.0	8.0	1131317.0	12.0	0.0	0.0	4.0	0.0	14.0	159830.0	76.097	1.007	0.0	684.36	44.78	1201.0	34.0	467363.0	1165617.0	434879.0	434879.0	-	-	311507.1	271452.9	2.0	2.0	-	-
GCA_040790805.1_ASM4079080v1_genomic	12.0	12.0	12.0	12.0	9.0	2.0	1216633.0	1216633.0	1216633.0	1216633.0	1174743.0	961550.0	12.0	907880.0	1216633.0	1521208.0	28.44	28.18	907880.0	907880.0	29924.0	-	685727.8	548431.9	1.0	1.0	7.0	-	4.0	3.0	968626.0	0.0	0.0	0.0	0.0	0.0	2.0	2737.0	79.66	1.001	0.0	51.83	13.27	1297.0	12.0	867188.0	1213469.0	867188.0	867188.0	26603.0	-	627176.4	501603.6	1.0	1.0	8.0	-
GCA_040819585.1_PFhe_I_PB_Ill_cons_genomic	15.0	15.0	15.0	15.0	12.0	2.0	1341511.0	1341511.0	1341511.0	1341511.0	1284530.0	964042.0	15.0	910259.0	1341511.0	1521208.0	28.43	28.18	910259.0	910259.0	28903.0	-	628530.9	554283.9	1.0	1.0	10.0	-	4.0	2.0	46260.0	6.0	0.0	0.0	2.0	3.0	5.0	140728.0	78.539	1.004	0.0	525.65	34.93	1255.0	25.0	910146.0	1199459.0	910146.0	910146.0	-	-	623853.3	550158.9	1.0	1.0	-	-
GCF_000008685.2_ASM868v2_genomic	22.0	22.0	22.0	20.0	17.0	3.0	1521208.0	1521208.0	1521208.0	1506594.0	1446819.0	1017352.0	22.0	910724.0	1521208.0	1521208.0	28.18	28.18	910724.0	910724.0	28155.0	28155.0	558608.0	558608.0	1.0	1.0	15.0	15.0	0.0	0.0	0.0	0.0	0.0	0.0	0.0	0.0	0.0	0.0	100.0	1.0	3.62	0.0	0.0	1693.0	0.0	910724.0	1521208.0	910724.0	910724.0	28155.0	28155.0	558608.0	558608.0	1.0	1.0	15.0	15.0
GCF_000021405.1_ASM2140v1_genomic	15.0	15.0	15.0	15.0	12.0	2.0	1345494.0	1345494.0	1345494.0	1345494.0	1280480.0	960322.0	15.0	906707.0	1345494.0	1521208.0	28.27	28.18	906707.0	906707.0	28885.0	-	622101.9	550243.2	1.0	1.0	10.0	-	7.0	5.0	1012994.0	6.0	0.0	0.0	2.0	0.0	6.0	71256.0	83.267	1.003	0.37	511.34	38.1	1349.0	27.0	903539.0	1270379.0	903539.0	903539.0	17211.0	-	614395.0	543426.5	1.0	1.0	12.0	-
GCF_000166635.1_ASM16663v1_genomic	17.0	17.0	17.0	16.0	12.0	2.0	1339539.0	1339539.0	1339539.0	1330817.0	1253353.0	955977.0	17.0	902191.0	1339539.0	1521208.0	28.27	28.18	902191.0	902191.0	26642.0	-	617665.1	543901.0	1.0	1.0	11.0	-	15.0	8.0	249274.0	6.0	0.0	0.0	4.0	1.0	13.0	131991.0	79.113	1.003	0.15	825.88	48.73	1255.0	51.0	902026.0	1206591.0	902026.0	902026.0	550.0	-	612325.5	539199.0	1.0	1.0	39.0	-
GCF_000166655.1_ASM16665v1_genomic	21.0	21.0	21.0	21.0	16.0	3.0	1531091.0	1531091.0	1531091.0	1531091.0	1418966.0	1036456.0	21.0	922801.0	1531091.0	1521208.0	28.33	28.18	922801.0	922801.0	26981.0	26981.0	569450.0	573149.7	1.0	1.0	15.0	15.0	29.0	11.0	1245026.0	24.0	0.0	0.0	3.0	0.0	18.0	191570.0	80.587	1.09	0.26	992.45	62.44	1283.0	49.0	909883.0	1335588.0	909883.0	909883.0	-	-	545949.6	549496.6	1.0	1.0	-	-
GCF_000171735.2_ASM17173v2_genomic	27.0	26.0	26.0	25.0	21.0	8.0	1453013.0	1452092.0	1452092.0	1443400.0	1366151.0	969313.0	27.0	231415.0	1453013.0	1521208.0	28.19	28.18	85309.0	85309.0	27336.0	24765.0	112945.7	107882.4	5.0	5.0	19.0	22.0	16.0	9.0	502351.0	7.0	0.0	0.0	7.0	1.0	17.0	232255.0	78.16	1.029	0.0	811.09	42.01	1229.0	56.0	204462.0	1223536.0	79026.0	66837.0	-	-	96273.3	91957.4	5.0	6.0	-	-
GCF_000172295.2_ASM17229v2_genomic	53.0	51.0	45.0	39.0	24.0	7.0	1344204.0	1342458.0	1330101.0	1285483.0	1027057.0	463943.0	53.0	88934.0	1344204.0	1521208.0	28.32	28.18	35743.0	31052.0	15963.0	-	41660.0	36812.5	13.0	15.0	34.0	-	9.0	6.0	197042.0	5.0	0.0	0.0	1.0	2.0	9.0	133787.0	77.523	1.026	0.0	850.71	63.8	1186.0	74.0	88929.0	1210051.0	35743.0	25206.0	444.0	-	36637.8	32374.7	13.0	16.0	62.0	-
GCF_000172315.2_ASM17231v2_genomic	26.0	26.0	21.0	21.0	20.0	9.0	1294354.0	1294354.0	1286504.0	1286504.0	1268323.0	953321.0	26.0	209169.0	1294354.0	1521208.0	28.35	28.18	83077.0	59106.0	27775.0	-	110279.2	93833.6	5.0	6.0	17.0	-	9.0	2.0	84535.0	6.0	0.0	0.0	2.0	0.0	10.0	155281.0	74.432	1.006	0.0	697.0	38.81	1159.0	48.0	209169.0	1138880.0	83077.0	59106.0	-	-	103956.8	88454.0	5.0	6.0	-	-
GCF_000172335.2_ASM17233v2_genomic	24.0	24.0	24.0	24.0	21.0	7.0	1485884.0	1485884.0	1485884.0	1485884.0	1435683.0	1008991.0	24.0	408550.0	1485884.0	1521208.0	28.43	28.18	169176.0	87194.0	28645.0	26992.0	174006.7	169966.1	3.0	4.0	18.0	19.0	12.0	9.0	665506.0	6.0	0.0	0.0	1.0	0.0	7.0	87676.0	88.174	1.042	0.13	444.76	34.5	1425.0	40.0	218302.0	1396946.0	169176.0	87194.0	9720.0	7195.0	113374.9	110742.3	4.0	5.0	24.0	28.0
GCF_000181555.2_ASM18155v2_genomic	32.0	28.0	21.0	21.0	14.0	2.0	1469834.0	1466865.0	1456916.0	1456916.0	1314751.0	962699.0	31.0	908814.0	1469559.0	1521208.0	28.13	28.18	908814.0	908814.0	24910.0	23638.0	573107.5	553649.0	1.0	1.0	15.0	17.0	18.0	10.0	1172359.0	26.0	0.0	0.0	6.0	0.0	19.0	209130.0	79.32	1.044	5.65	881.52	57.29	1264.0	39.0	468260.0	1260214.0	435160.0	435160.0	-	-	282674.8	273077.2	2.0	2.0	-	-
GCF_000181575.2_ASM18157v2_genomic	20.0	20.0	19.0	19.0	14.0	5.0	1321434.0	1321434.0	1318733.0	1318733.0	1234899.0	962871.0	20.0	471200.0	1321434.0	1521208.0	28.59	28.18	170966.0	170966.0	28200.0	-	229884.1	199694.3	3.0	3.0	13.0	-	10.0	6.0	156416.0	5.0	0.0	0.0	1.0	2.0	7.0	112501.0	77.384	1.026	0.0	571.41	34.76	1242.0	33.0	471194.0	1208236.0	170966.0	170966.0	3362.0	-	226335.3	196611.6	3.0	3.0	19.0	-
GCF_000181715.2_ASM18171v2_genomic	25.0	22.0	20.0	19.0	16.0	6.0	1295451.0	1293275.0	1286421.0	1277725.0	1217238.0	907911.0	24.0	216266.0	1295058.0	1521208.0	28.26	28.18	169491.0	169491.0	26507.0	-	131331.6	111807.2	4.0	4.0	15.0	-	16.0	6.0	167894.0	9.0	0.0	0.0	2.0	1.0	12.0	99932.0	76.285	1.029	0.08	778.57	42.03	1201.0	53.0	216266.0	1194492.0	169491.0	169491.0	3932.0	-	126815.8	107962.7	4.0	4.0	23.0	-
GCF_000181855.2_ASM18185v2_genomic	54.0	52.0	44.0	38.0	25.0	6.0	1427907.0	1426086.0	1404416.0	1364903.0	1137135.0	510948.0	54.0	147840.0	1427907.0	1521208.0	28.31	28.18	36967.0	33777.0	16824.0	8706.0	53385.5	50111.2	11.0	12.0	33.0	39.0	24.0	14.0	394426.0	10.0	0.0	0.0	3.0	0.0	15.0	114883.0	80.442	1.072	0.0	939.06	76.21	1236.0	60.0	147832.0	1312160.0	33777.0	28321.0	2330.0	-	48433.7	45463.1	11.0	13.0	59.0	-
GCF_002151465.1_ASM215146v1_genomic	12.0	12.0	12.0	12.0	11.0	3.0	1288112.0	1288112.0	1288112.0	1288112.0	1271292.0	1016542.0	12.0	909921.0	1288112.0	1521208.0	28.35	28.18	909921.0	909921.0	30580.0	-	653782.8	553603.1	1.0	1.0	8.0	-	1.0	1.0	30674.0	1.0	0.0	0.0	0.0	0.0	2.0	2718.0	82.706	1.022	0.0	44.27	10.74	1376.0	4.0	909921.0	1285192.0	909921.0	909921.0	30223.0	-	653391.7	553271.9	1.0	1.0	8.0	-
GCF_002151485.1_ASM215148v1_genomic	11.0	11.0	11.0	11.0	10.0	5.0	1301554.0	1301554.0	1301554.0	1301554.0	1284754.0	1136219.0	11.0	910728.0	1301554.0	1521208.0	28.51	28.18	910728.0	910728.0	36846.0	-	650734.9	556772.4	1.0	1.0	6.0	-	4.0	3.0	150115.0	2.0	0.0	0.0	0.0	0.0	2.0	13510.0	83.072	1.019	0.0	110.48	14.05	1400.0	9.0	910728.0	1288038.0	910728.0	910728.0	28157.0	-	648292.6	554682.8	1.0	1.0	8.0	-
GCF_002151505.1_ASM215150v1_genomic	13.0	13.0	13.0	13.0	11.0	4.0	1341182.0	1341182.0	1341182.0	1341182.0	1302470.0	1077940.0	13.0	909921.0	1341182.0	1521208.0	28.45	28.18	909921.0	909921.0	30651.0	-	630401.3	555797.0	1.0	1.0	8.0	-	2.0	2.0	92663.0	1.0	0.0	0.0	0.0	0.0	2.0	13510.0	85.499	1.021	0.0	93.47	15.29	1430.0	10.0	909921.0	1327665.0	909921.0	909921.0	30222.0	-	628487.5	554109.7	1.0	1.0	9.0	-
GCF_002442595.2_ASM244259v2_genomic	19.0	19.0	19.0	18.0	14.0	2.0	1409089.0	1409089.0	1409089.0	1400375.0	1318614.0	957413.0	19.0	903654.0	1409089.0	1521208.0	28.3	28.18	903654.0	903654.0	27643.0	18340.0	590634.8	547102.7	1.0	1.0	13.0	17.0	24.0	12.0	374760.0	10.0	0.0	0.0	3.0	0.0	13.0	113068.0	78.783	1.08	0.0	932.37	60.88	1250.0	39.0	903464.0	1294341.0	903464.0	903464.0	2247.0	-	585142.7	542015.4	1.0	1.0	30.0	-
GCF_003367295.1_ASM336729v1_genomic	16.0	16.0	16.0	16.0	9.0	2.0	1280240.0	1280240.0	1280240.0	1280240.0	1161007.0	962310.0	16.0	908512.0	1280240.0	1521208.0	28.24	28.18	908512.0	908512.0	26507.0	-	653097.9	549643.5	1.0	1.0	9.0	-	16.0	6.0	133618.0	7.0	0.0	0.0	3.0	0.0	12.0	123725.0	75.032	1.009	0.0	758.69	44.05	1183.0	49.0	904648.0	1151059.0	904648.0	904648.0	-	-	643463.5	541535.2	1.0	1.0	-	-
GCF_019134655.1_ASM1913465v1_genomic	11.0	11.0	11.0	11.0	10.0	2.0	1217256.0	1217256.0	1217256.0	1217256.0	1199051.0	961768.0	11.0	909995.0	1217256.0	1521208.0	28.45	28.18	909995.0	909995.0	29645.0	-	688566.0	550983.9	1.0	1.0	7.0	-	13.0	6.0	179875.0	9.0	0.0	0.0	0.0	0.0	8.0	74069.0	73.334	1.018	1.64	837.36	39.56	1160.0	32.0	904588.0	1135119.0	904588.0	904588.0	7716.0	-	676857.7	541615.1	1.0	1.0	11.0	-
GCF_019464575.1_ASM1946457v1_genomic	19.0	19.0	19.0	19.0	15.0	2.0	1429304.0	1429304.0	1429304.0	1429304.0	1346823.0	957418.0	19.0	903660.0	1429304.0	1521208.0	28.21	28.18	903660.0	903660.0	27715.0	24387.0	582816.1	547605.2	1.0	1.0	13.0	16.0	30.0	14.0	427297.0	12.0	0.0	0.0	2.0	0.0	13.0	100342.0	81.123	1.076	0.0	948.06	69.76	1278.0	40.0	903470.0	1327445.0	903470.0	903470.0	3158.0	-	577381.0	542498.4	1.0	1.0	26.0	-
GCF_024662155.1_ASM2466215v1_genomic	18.0	18.0	18.0	18.0	14.0	2.0	1392060.0	1392060.0	1392060.0	1392060.0	1314493.0	956810.0	18.0	903249.0	1392060.0	1521208.0	28.26	28.18	903249.0	903249.0	27525.0	18341.0	596979.7	546297.1	1.0	1.0	12.0	17.0	23.0	12.0	370887.0	8.0	0.0	0.0	3.0	0.0	13.0	105249.0	79.527	1.063	0.0	892.56	59.71	1256.0	37.0	903249.0	1286194.0	903249.0	903249.0	2562.0	-	592135.9	541864.6	1.0	1.0	25.0	-
GCF_024662175.1_ASM2466217v1_genomic	18.0	18.0	18.0	18.0	15.0	2.0	1417706.0	1417706.0	1417706.0	1417706.0	1357402.0	974305.0	18.0	920773.0	1417706.0	1521208.0	28.16	28.18	920773.0	920773.0	28768.0	21173.0	608890.7	567462.2	1.0	1.0	12.0	16.0	18.0	10.0	1203046.0	14.0	0.0	0.0	3.0	0.0	15.0	177750.0	78.659	1.036	0.0	844.86	51.95	1255.0	46.0	905132.0	1239616.0	905132.0	905132.0	-	-	582296.2	542677.2	1.0	1.0	-	-
GCF_024662195.1_ASM2466219v1_genomic	21.0	21.0	21.0	20.0	17.0	3.0	1513701.0	1513701.0	1513701.0	1504314.0	1444849.0	1015796.0	21.0	909655.0	1513701.0	1521208.0	28.2	28.18	909655.0	909655.0	28447.0	28332.0	560014.8	557251.1	1.0	1.0	14.0	15.0	0.0	0.0	0.0	0.0	0.0	0.0	0.0	0.0	0.0	0.0	99.439	1.0	0.0	1.98	4.36	1669.0	16.0	909651.0	1512668.0	909651.0	909651.0	28332.0	27991.0	559971.8	557208.4	1.0	1.0	14.0	15.0
GCF_040790715.1_ASM4079071v1_genomic	14.0	14.0	14.0	14.0	11.0	2.0	1289159.0	1289159.0	1289159.0	1289159.0	1222603.0	962616.0	14.0	908738.0	1289159.0	1521208.0	28.02	28.18	908738.0	908738.0	27454.0	-	649834.5	550707.0	1.0	1.0	9.0	-	20.0	9.0	1163183.0	11.0	0.0	0.0	2.0	0.0	11.0	110239.0	77.188	1.003	0.0	730.03	47.72	1224.0	35.0	468321.0	1177616.0	435045.0	435045.0	2437.0	-	321701.9	272628.7	2.0	2.0	21.0	-
GCF_040790735.1_ASM4079073v1_genomic	18.0	18.0	18.0	18.0	13.0	2.0	1391486.0	1391486.0	1391486.0	1391486.0	1288594.0	963376.0	18.0	909471.0	1391486.0	1521208.0	28.27	28.18	909471.0	909471.0	27192.0	18015.0	605012.4	553419.5	1.0	1.0	12.0	17.0	20.0	11.0	1204252.0	14.0	0.0	0.0	2.0	0.0	16.0	156722.0	78.701	1.031	0.07	833.46	45.12	1268.0	33.0	468258.0	1234607.0	435179.0	435179.0	-	-	298641.1	273174.2	2.0	2.0	-	-
GCF_040790745.1_ASM4079074v1_genomic	18.0	18.0	18.0	17.0	12.0	2.0	1371468.0	1371468.0	1371468.0	1362746.0	1260568.0	956638.0	18.0	902797.0	1371468.0	1521208.0	28.18	28.18	902797.0	902797.0	26498.0	8722.0	604810.6	545276.1	1.0	1.0	12.0	18.0	18.0	8.0	251347.0	7.0	0.0	0.0	4.0	1.0	14.0	131138.0	80.962	1.006	0.36	860.85	53.89	1284.0	53.0	902617.0	1239475.0	902617.0	902617.0	912.0	-	599585.0	540564.9	1.0	1.0	39.0	-
GCF_040790755.1_ASM4079075v1_genomic	16.0	16.0	16.0	14.0	12.0	2.0	1321156.0	1321156.0	1321156.0	1307066.0	1262263.0	957421.0	16.0	902698.0	1321156.0	1521208.0	28.35	28.18	902698.0	902698.0	29570.0	-	626997.0	544541.5	1.0	1.0	10.0	-	21.0	10.0	293639.0	11.0	0.0	0.0	0.0	0.0	10.0	64441.0	80.789	1.021	0.08	838.73	53.63	1287.0	52.0	902578.0	1254867.0	902578.0	902578.0	8843.0	-	623028.2	541094.6	1.0	1.0	15.0	-
GCF_040790765.1_ASM4079076v1_genomic	19.0	19.0	18.0	17.0	15.0	2.0	1397896.0	1397896.0	1393143.0	1383762.0	1340585.0	963746.0	19.0	910079.0	1397896.0	1521208.0	28.28	28.18	910079.0	910079.0	27762.0	18208.0	603159.6	554266.3	1.0	1.0	12.0	17.0	16.0	6.0	149059.0	6.0	0.0	0.0	5.0	0.0	14.0	171625.0	77.689	1.031	0.0	832.72	44.26	1243.0	36.0	904581.0	1217932.0	904581.0	904581.0	-	-	589951.2	542128.7	1.0	1.0	-	-
GCF_040790775.1_ASM4079077v1_genomic	17.0	17.0	17.0	17.0	14.0	3.0	1417953.0	1417953.0	1417953.0	1417953.0	1357768.0	1014483.0	17.0	907632.0	1417953.0	1521208.0	28.07	28.18	907632.0	907632.0	28647.0	24443.0	593516.4	553230.3	1.0	1.0	12.0	15.0	4.0	2.0	53090.0	0.0	0.0	0.0	0.0	0.0	2.0	2903.0	92.908	1.001	0.0	1.06	3.96	1538.0	9.0	907632.0	1414283.0	907632.0	907632.0	28599.0	20854.0	593283.5	553013.2	1.0	1.0	12.0	15.0
GCF_040790785.1_ASM4079078v1_genomic	18.0	18.0	18.0	17.0	14.0	2.0	1383845.0	1383845.0	1383845.0	1375138.0	1310904.0	963746.0	18.0	910048.0	1383845.0	1521208.0	28.34	28.18	910048.0	910048.0	27456.0	18115.0	608897.0	553914.4	1.0	1.0	12.0	17.0	14.0	5.0	134894.0	6.0	0.0	0.0	6.0	0.0	14.0	155833.0	78.758	1.018	0.07	813.36	47.49	1269.0	42.0	904600.0	1219136.0	904600.0	904600.0	-	-	596078.7	542253.6	1.0	1.0	-	-
GCF_040790795.1_ASM4079079v1_genomic	16.0	16.0	16.0	16.0	11.0	2.0	1325608.0	1325608.0	1325608.0	1325608.0	1226350.0	970623.0	16.0	916773.0	1325608.0	1521208.0	28.07	28.18	916773.0	916773.0	26512.0	-	643292.9	560577.0	1.0	1.0	10.0	-	15.0	8.0	1131317.0	12.0	0.0	0.0	4.0	0.0	14.0	159830.0	76.097	1.007	0.0	684.36	44.78	1201.0	34.0	467363.0	1165617.0	434879.0	434879.0	-	-	311507.1	271452.9	2.0	2.0	-	-
GCF_040790805.1_ASM4079080v1_genomic	12.0	12.0	12.0	12.0	9.0	2.0	1216633.0	1216633.0	1216633.0	1216633.0	1174743.0	961550.0	12.0	907880.0	1216633.0	1521208.0	28.44	28.18	907880.0	907880.0	29924.0	-	685727.8	548431.9	1.0	1.0	7.0	-	4.0	3.0	968626.0	0.0	0.0	0.0	0.0	0.0	2.0	2737.0	79.66	1.001	0.0	51.83	13.27	1297.0	12.0	867188.0	1213469.0	867188.0	867188.0	26603.0	-	627176.4	501603.6	1.0	1.0	8.0	-
GCF_040819585.1_PFhe_I_PB_Ill_cons_genomic	15.0	15.0	15.0	15.0	12.0	2.0	1341511.0	1341511.0	1341511.0	1341511.0	1284530.0	964042.0	15.0	910259.0	1341511.0	1521208.0	28.43	28.18	910259.0	910259.0	28903.0	-	628530.9	554283.9	1.0	1.0	10.0	-	4.0	2.0	46260.0	6.0	0.0	0.0	2.0	3.0	5.0	140728.0	78.539	1.004	0.0	525.65	34.93	1255.0	25.0	910146.0	1199459.0	910146.0	910146.0	-	-	623853.3	550158.9	1.0	1.0	-	-
K89HH	150.0	66.0	32.0	25.0	15.0	2.0	1557782.0	1522401.0	1447581.0	1404448.0	1233769.0	826996.0	98.0	552693.0	1545632.0	1521208.0	28.05	28.18	274303.0	274303.0	11525.0	15555.0	257152.6	261281.4	2.0	2.0	24.0	22.0	20.0	14.0	802892.0	15.0	0.0	0.0	4.0	9.0	24.0	144656.0	85.122	1.075	0.0	794.74	55.63	1327.0	83.0	437440.0	1391393.0	115253.0	115253.0	504.0	994.0	187570.3	190581.9	3.0	3.0	102.0	72.0
UCT109H	28.0	17.0	17.0	17.0	16.0	3.0	1476377.0	1472225.0	1472225.0	1472225.0	1450182.0	1020649.0	20.0	910570.0	1474783.0	1521208.0	28.25	28.18	910570.0	910570.0	30299.0	29838.0	576600.9	559003.9	1.0	1.0	12.0	14.0	12.0	9.0	278157.0	1.0	0.0	0.0	0.0	0.0	3.0	13234.0	93.149	1.031	0.0	119.4	16.16	1538.0	32.0	910570.0	1460695.0	910570.0	910570.0	26498.0	24180.0	573745.0	556235.2	1.0	1.0	14.0	15.0
UCT110H	114.0	27.0	18.0	16.0	10.0	3.0	1417187.0	1388643.0	1370312.0	1356626.0	1218925.0	1014186.0	43.0	906810.0	1400171.0	1521208.0	28.16	28.18	906810.0	906810.0	24648.0	6008.0	598070.9	550484.5	1.0	1.0	12.0	18.0	18.0	9.0	218940.0	5.0	0.0	0.0	6.0	5.0	16.0	193559.0	77.967	1.015	0.0	747.51	42.21	1242.0	51.0	904647.0	1203597.0	904647.0	904647.0	-	-	588375.8	541560.8	1.0	1.0	-	-
UCT113H	253.0	24.0	16.0	13.0	5.0	2.0	1304891.0	1241570.0	1228925.0	1206704.0	1043164.0	961288.0	60.0	905788.0	1265811.0	1521208.0	28.12	28.18	905788.0	905788.0	19970.0	-	655243.8	545234.4	1.0	1.0	10.0	-	19.0	9.0	186222.0	5.0	0.0	0.0	1.0	16.0	12.0	108208.0	75.122	1.011	0.0	683.13	35.66	1178.0	63.0	904982.0	1155410.0	904982.0	904982.0	912.0	-	650666.7	541425.7	1.0	1.0	36.0	-
UCT124H	50.0	25.0	23.0	20.0	15.0	2.0	1510565.0	1502065.0	1499582.0	1471277.0	1357766.0	954420.0	31.0	900914.0	1506196.0	1521208.0	28.23	28.18	900914.0	900914.0	25182.0	24711.0	551160.4	545721.3	1.0	1.0	15.0	16.0	9.0	9.0	245290.0	9.0	0.0	0.0	1.0	3.0	6.0	41536.0	90.035	1.068	0.0	405.69	34.88	1451.0	42.0	900907.0	1462204.0	900907.0	900907.0	14024.0	12845.0	548604.7	543190.8	1.0	1.0	19.0	20.0
UCT29H	24.0	22.0	21.0	20.0	18.0	3.0	1559716.0	1559264.0	1558259.0	1548879.0	1506001.0	1039953.0	22.0	910485.0	1559264.0	1521208.0	28.19	28.18	910485.0	910485.0	29761.0	29787.0	547345.6	561038.5	1.0	1.0	15.0	14.0	19.0	12.0	395586.0	11.0	0.0	0.0	0.0	0.0	6.0	19872.0	97.068	1.041	0.0	224.26	28.36	1601.0	34.0	910485.0	1537487.0	910485.0	910485.0	17050.0	20828.0	543026.4	556611.2	1.0	1.0	18.0	16.0
UCT30H	89.0	24.0	19.0	16.0	13.0	5.0	1471861.0	1451933.0	1446321.0	1424175.0	1360365.0	1122656.0	38.0	905470.0	1461527.0	1521208.0	28.17	28.18	905470.0	905470.0	26498.0	21483.0	574986.3	552428.1	1.0	1.0	12.0	14.0	30.0	12.0	308645.0	9.0	0.0	0.0	3.0	6.0	16.0	230680.0	79.193	1.018	0.0	777.99	55.55	1260.0	51.0	904647.0	1225854.0	904647.0	904647.0	-	-	563737.3	541620.4	1.0	1.0	-	-
UCT31H	32.0	21.0	21.0	20.0	19.0	2.0	1531745.0	1527664.0	1527664.0	1518289.0	1496330.0	964311.0	24.0	910624.0	1530196.0	1521208.0	28.23	28.18	910624.0	910624.0	30001.0	30001.0	555326.6	558607.8	1.0	1.0	15.0	15.0	16.0	9.0	241165.0	6.0	0.0	0.0	0.0	0.0	6.0	28793.0	94.179	1.047	0.0	228.94	28.73	1555.0	38.0	910624.0	1499967.0	910624.0	910624.0	19402.0	20834.0	552816.8	556083.1	1.0	1.0	17.0	16.0
UCT32H	57.0	27.0	20.0	19.0	14.0	3.0	1501989.0	1490687.0	1481242.0	1473819.0	1357193.0	1027511.0	34.0	921072.0	1495867.0	1521208.0	28.2	28.18	921072.0	921072.0	26514.0	24813.0	579427.1	569774.7	1.0	1.0	14.0	15.0	28.0	13.0	1252893.0	14.0	0.0	0.0	4.0	1.0	18.0	207098.0	80.123	1.056	0.0	932.44	58.02	1268.0	62.0	905458.0	1287379.0	905458.0	905458.0	-	-	552389.4	543187.4	1.0	1.0	-	-
UCT35H	33.0	17.0	15.0	13.0	9.0	4.0	1350407.0	1343430.0	1339686.0	1323410.0	1259344.0	1102010.0	22.0	910022.0	1347562.0	1521208.0	27.99	28.18	910022.0	910022.0	27690.0	-	629080.9	557271.2	1.0	1.0	8.0	-	19.0	3.0	148683.0	10.0	0.0	0.0	3.0	4.0	13.0	192858.0	74.828	1.012	0.0	684.11	34.37	1176.0	46.0	904580.0	1152162.0	904580.0	904580.0	-	-	611163.8	541399.4	1.0	1.0	-	-
UCT50H	90.0	22.0	15.0	13.0	8.0	3.0	1341231.0	1316541.0	1306146.0	1290411.0	1184780.0	1022844.0	41.0	902761.0	1329478.0	1521208.0	28.33	28.18	902761.0	902761.0	24152.0	-	624359.2	545666.2	1.0	1.0	9.0	-	16.0	5.0	217544.0	4.0	0.0	0.0	5.0	6.0	14.0	118509.0	78.509	1.014	0.0	796.43	55.42	1232.0	74.0	902581.0	1210653.0	902581.0	902581.0	879.0	-	617489.9	539662.7	1.0	1.0	38.0	-
UCT92H	62.0	23.0	22.0	22.0	19.0	2.0	1537760.0	1525846.0	1524653.0	1524653.0	1467020.0	960502.0	29.0	906713.0	1530632.0	1521208.0	28.17	28.18	906713.0	906713.0	26061.0	26061.0	549772.5	553178.4	1.0	1.0	16.0	16.0	29.0	13.0	329486.0	8.0	0.0	0.0	5.0	4.0	19.0	235271.0	80.024	1.063	0.0	909.46	55.27	1286.0	47.0	904607.0	1293626.0	904607.0	904607.0	-	-	538746.5	542084.1	1.0	1.0	-	-
UCT95H	15.0	15.0	15.0	14.0	14.0	8.0	1491903.0	1491903.0	1491903.0	1483482.0	1483482.0	1275380.0	15.0	893639.0	1491903.0	1521208.0	28.24	28.18	893639.0	893639.0	34581.0	33779.0	554359.4	543680.0	1.0	1.0	10.0	11.0	20.0	7.0	337227.0	5.0	0.0	0.0	4.0	1.0	11.0	232092.0	74.381	1.11	0.0	917.34	850.0	1195.0	46.0	893337.0	1256354.0	893337.0	893337.0	-	-	539810.7	529411.6	1.0	1.0	-	-
UCT96H	35.0	24.0	22.0	21.0	15.0	2.0	1481271.0	1477643.0	1471437.0	1464187.0	1358955.0	954451.0	26.0	900898.0	1479028.0	1521208.0	28.17	28.18	900898.0	900898.0	27034.0	22594.0	560751.3	545202.8	1.0	1.0	14.0	16.0	20.0	13.0	298543.0	8.0	0.0	0.0	1.0	0.0	7.0	33114.0	90.804	1.045	0.0	434.17	32.7	1468.0	48.0	900898.0	1443446.0	900898.0	900898.0	14517.0	9670.0	557917.9	542448.0	1.0	1.0	18.0	22.0
UNY1032P	18.0	18.0	18.0	18.0	16.0	3.0	1459435.0	1459435.0	1459435.0	1459435.0	1418114.0	1017137.0	18.0	910572.0	1459435.0	1521208.0	28.3	28.18	910572.0	910572.0	29838.0	27414.0	581190.3	557589.4	1.0	1.0	13.0	15.0	3.0	3.0	91704.0	0.0	0.0	0.0	0.0	0.0	3.0	7014.0	93.671	1.019	0.0	88.25	15.5	1555.0	22.0	910572.0	1451592.0	910572.0	910572.0	26597.0	24180.0	580255.8	556692.9	1.0	1.0	13.0	15.0
UNY1038P	19.0	19.0	19.0	18.0	13.0	2.0	1403595.0	1403595.0	1403595.0	1394201.0	1288571.0	969567.0	19.0	915733.0	1403595.0	1521208.0	28.19	28.18	915733.0	915733.0	26514.0	20343.0	607789.6	560798.0	1.0	1.0	13.0	17.0	18.0	10.0	1178740.0	15.0	0.0	0.0	4.0	0.0	15.0	198293.0	78.419	1.012	0.0	743.29	45.05	1243.0	49.0	905458.0	1207607.0	905458.0	905458.0	-	-	588024.0	542560.6	1.0	1.0	-	-
UNY1083P	226.0	33.0	23.0	18.0	9.0	3.0	1494188.0	1433590.0	1410159.0	1376368.0	1221987.0	1032502.0	59.0	923130.0	1449517.0	1521208.0	28.28	28.18	923130.0	923130.0	16711.0	13481.0	598346.9	570148.2	1.0	1.0	14.0	18.0	28.0	12.0	1177439.0	12.0	0.0	0.0	6.0	21.0	19.0	192215.0	80.312	1.024	0.0	795.09	55.07	1279.0	56.0	909598.0	1251049.0	909598.0	909598.0	-	-	575253.7	548143.3	1.0	1.0	-	-
UNY1085P	18.0	18.0	18.0	18.0	14.0	2.0	1409080.0	1409080.0	1409080.0	1409080.0	1323667.0	957251.0	18.0	903386.0	1409080.0	1521208.0	28.3	28.18	903386.0	903386.0	27704.0	22534.0	590587.9	547055.8	1.0	1.0	12.0	16.0	19.0	7.0	218340.0	5.0	0.0	0.0	2.0	2.0	11.0	163200.0	79.803	1.023	0.0	878.26	57.4	1261.0	45.0	903207.0	1242119.0	903207.0	903207.0	-	-	584534.5	541448.5	1.0	1.0	-	-
UNY1090P	19.0	19.0	19.0	19.0	13.0	2.0	1413250.0	1413250.0	1413250.0	1413250.0	1287170.0	966596.0	19.0	912713.0	1413250.0	1521208.0	28.35	28.18	912713.0	912713.0	25500.0	21337.0	600073.1	557486.8	1.0	1.0	13.0	17.0	17.0	9.0	263584.0	11.0	0.0	0.0	5.0	0.0	16.0	168851.0	78.991	1.029	0.0	827.41	42.21	1273.0	35.0	904987.0	1236632.0	904987.0	904987.0	-	-	584325.4	542856.7	1.0	1.0	-	-
UNY1128P	277.0	30.0	20.0	18.0	11.0	5.0	1488312.0	1431447.0	1407708.0	1393600.0	1273967.0	1093396.0	43.0	709546.0	1440836.0	1521208.0	28.23	28.18	213832.0	213832.0	20737.0	15263.0	393279.6	372500.9	2.0	2.0	13.0	17.0	27.0	8.0	938889.0	14.0	0.0	0.0	3.0	8.0	16.0	173847.0	81.65	1.017	0.9	828.82	65.41	1305.0	64.0	696081.0	1262754.0	213816.0	213816.0	-	-	372768.3	353073.4	2.0	2.0	-	-
UNY149P	19.0	19.0	19.0	19.0	14.0	2.0	1427032.0	1427032.0	1427032.0	1427032.0	1318132.0	969575.0	19.0	915733.0	1427032.0	1521208.0	28.23	28.18	915733.0	915733.0	26726.0	21172.0	598460.0	561410.1	1.0	1.0	13.0	17.0	21.0	11.0	1211948.0	21.0	0.0	0.0	3.0	0.0	16.0	190341.0	79.957	1.016	0.0	841.47	49.76	1284.0	51.0	905458.0	1236049.0	905458.0	905458.0	-	-	578834.4	542999.5	1.0	1.0	-	-
UNY169P	17.0	17.0	17.0	16.0	12.0	2.0	1346761.0	1346761.0	1346761.0	1338039.0	1259766.0	956581.0	17.0	902773.0	1346761.0	1521208.0	28.24	28.18	902773.0	902773.0	27768.0	-	615412.7	544839.3	1.0	1.0	11.0	-	18.0	9.0	266473.0	7.0	0.0	0.0	2.0	1.0	13.0	120825.0	80.421	1.001	0.0	855.1	53.06	1267.0	57.0	902593.0	1225119.0	902593.0	902593.0	2241.0	-	610379.1	540382.9	1.0	1.0	26.0	-
UNY172P	16.0	16.0	16.0	16.0	12.0	2.0	1352494.0	1352494.0	1352494.0	1352494.0	1267080.0	957249.0	16.0	903384.0	1352494.0	1521208.0	28.28	28.18	903384.0	903384.0	27706.0	-	614108.0	545998.6	1.0	1.0	11.0	-	17.0	6.0	188537.0	3.0	0.0	0.0	1.0	2.0	9.0	131995.0	78.963	1.013	0.0	841.18	53.26	1245.0	38.0	903205.0	1216738.0	903205.0	903205.0	575.0	-	608841.9	541316.5	1.0	1.0	31.0	-
UNY193P	19.0	19.0	19.0	17.0	15.0	2.0	1403883.0	1403883.0	1403883.0	1389234.0	1346097.0	964090.0	19.0	910086.0	1403883.0	1521208.0	28.38	28.18	910086.0	910086.0	27704.0	24809.0	600849.4	554508.2	1.0	1.0	12.0	16.0	10.0	6.0	182795.0	9.0	0.0	0.0	2.0	2.0	12.0	183613.0	76.995	1.037	0.0	769.19	46.76	1223.0	37.0	904873.0	1214653.0	904873.0	904873.0	-	-	588240.9	542872.1	1.0	1.0	-	-
UNY203P	17.0	17.0	17.0	15.0	12.0	2.0	1326072.0	1326072.0	1326072.0	1312122.0	1253245.0	963850.0	17.0	910084.0	1326072.0	1521208.0	28.24	28.18	910084.0	910084.0	27810.0	-	634069.6	552733.1	1.0	1.0	10.0	-	15.0	6.0	156154.0	6.0	0.0	0.0	4.0	1.0	12.0	163060.0	74.574	1.02	0.0	731.32	33.69	1184.0	50.0	904630.0	1157499.0	904630.0	904630.0	-	-	620935.1	541283.4	1.0	1.0	-	-
UNY208P	19.0	19.0	19.0	19.0	13.0	2.0	1413253.0	1413253.0	1413253.0	1413253.0	1287173.0	966596.0	19.0	912713.0	1413253.0	1521208.0	28.35	28.18	912713.0	912713.0	25503.0	21337.0	600072.0	557486.9	1.0	1.0	13.0	17.0	14.0	6.0	187224.0	6.0	0.0	0.0	8.0	0.0	16.0	185167.0	78.52	1.025	0.0	772.9	41.67	1262.0	35.0	904987.0	1223835.0	904987.0	904987.0	-	-	584040.7	542593.3	1.0	1.0	-	-
UNY990P	17.0	17.0	17.0	16.0	13.0	2.0	1367194.0	1367194.0	1367194.0	1358674.0	1296898.0	957523.0	17.0	902813.0	1367194.0	1521208.0	28.23	28.18	902813.0	902813.0	28907.0	-	607096.7	545631.5	1.0	1.0	11.0	-	14.0	6.0	164428.0	7.0	0.0	0.0	3.0	0.0	14.0	140300.0	78.845	1.02	0.0	807.88	53.28	1252.0	40.0	902629.0	1223702.0	902629.0	902629.0	-	-	601931.5	540989.2	1.0	1.0	-	-
URI101H	32.0	23.0	21.0	21.0	19.0	2.0	1554475.0	1551460.0	1549428.0	1549428.0	1506797.0	964146.0	25.0	910549.0	1552980.0	1521208.0	28.09	28.18	910549.0	910549.0	29785.0	29785.0	547818.1	559259.9	1.0	1.0	15.0	15.0	18.0	12.0	337554.0	9.0	0.0	0.0	0.0	0.0	6.0	53367.0	94.39	1.043	0.0	200.18	22.77	1547.0	35.0	910549.0	1497642.0	910549.0	910549.0	12500.0	16779.0	544589.6	555963.9	1.0	1.0	18.0	16.0
URI102H	44.0	20.0	16.0	16.0	15.0	3.0	1442774.0	1434568.0	1426403.0	1426403.0	1404462.0	1020730.0	25.0	910559.0	1438278.0	1521208.0	28.16	28.18	910559.0	910559.0	30222.0	27792.0	589752.8	557601.9	1.0	1.0	12.0	14.0	10.0	9.0	273400.0	0.0	0.0	0.0	0.0	0.0	4.0	22831.0	91.219	1.02	0.0	92.81	11.59	1504.0	35.0	910559.0	1414646.0	910559.0	910559.0	24180.0	15817.0	586882.7	554888.3	1.0	1.0	13.0	17.0
URI103H	56.0	19.0	18.0	18.0	12.0	3.0	1474413.0	1459331.0	1458171.0	1458171.0	1329812.0	1061719.0	28.0	921058.0	1465528.0	1521208.0	28.13	28.18	921058.0	921058.0	26514.0	24228.0	593368.6	571649.8	1.0	1.0	12.0	14.0	25.0	12.0	1261569.0	15.0	0.0	0.0	3.0	8.0	16.0	218037.0	80.474	1.019	0.0	869.46	52.92	1287.0	49.0	905415.0	1247100.0	905415.0	905415.0	-	-	563574.3	542946.1	1.0	1.0	-	-
URI107H	49.0	19.0	19.0	19.0	18.0	2.0	1505434.0	1495807.0	1495807.0	1495807.0	1473869.0	964183.0	26.0	910570.0	1501264.0	1521208.0	28.22	28.18	910570.0	910570.0	29727.0	28108.0	565721.6	558304.7	1.0	1.0	14.0	15.0	12.0	9.0	245415.0	1.0	0.0	0.0	0.0	0.0	4.0	20832.0	92.989	1.046	0.0	127.59	12.91	1537.0	30.0	910570.0	1479733.0	910570.0	910570.0	21987.0	21614.0	563750.1	556358.9	1.0	1.0	15.0	16.0
URI111H	23.0	21.0	19.0	19.0	18.0	3.0	1539609.0	1539157.0	1536822.0	1536822.0	1514726.0	1043298.0	21.0	910611.0	1539157.0	1521208.0	28.15	28.18	910611.0	910611.0	30260.0	30299.0	554805.9	561352.2	1.0	1.0	14.0	13.0	21.0	12.0	430100.0	6.0	0.0	0.0	0.0	0.0	5.0	30201.0	94.226	1.048	0.0	251.16	28.36	1546.0	35.0	910611.0	1502246.0	910611.0	910611.0	16822.0	17432.0	548962.5	555439.8	1.0	1.0	18.0	17.0
URI112H	85.0	24.0	19.0	17.0	10.0	3.0	1431440.0	1407410.0	1397089.0	1382483.0	1245305.0	1028355.0	41.0	903099.0	1420550.0	1521208.0	28.13	28.18	903099.0	903099.0	24214.0	12616.0	586784.8	547957.4	1.0	1.0	12.0	16.0	26.0	10.0	290299.0	14.0	0.0	0.0	6.0	4.0	18.0	177877.0	79.202	1.029	0.0	827.54	54.85	1250.0	64.0	903082.0	1239704.0	903082.0	903082.0	-	-	578157.0	539900.5	1.0	1.0	-	-
URI117H	160.0	38.0	22.0	16.0	8.0	2.0	1384478.0	1339171.0	1303375.0	1261701.0	1088008.0	896727.0	73.0	461794.0	1364256.0	1521208.0	28.01	28.18	434933.0	434933.0	20991.0	-	302730.6	271496.1	2.0	2.0	15.0	-	16.0	10.0	176992.0	5.0	0.0	0.0	5.0	16.0	20.0	170076.0	76.743	1.02	0.0	738.38	49.21	1206.0	63.0	461794.0	1190713.0	434864.0	434864.0	-	-	298606.7	267797.7	2.0	2.0	-	-
URI118H	109.0	24.0	18.0	16.0	11.0	2.0	1380118.0	1351956.0	1343032.0	1329643.0	1231478.0	974805.0	40.0	920957.0	1363534.0	1521208.0	28.2	28.18	920957.0	920957.0	26073.0	-	631071.1	565660.3	1.0	1.0	11.0	-	21.0	11.0	1180331.0	11.0	0.0	0.0	3.0	7.0	15.0	144888.0	78.827	1.012	0.0	777.62	48.77	1253.0	54.0	905370.0	1213829.0	905370.0	905370.0	-	-	605306.7	542566.3	1.0	1.0	-	-
URI120H	105.0	30.0	22.0	21.0	17.0	2.0	1576195.0	1553420.0	1539609.0	1533955.0	1440066.0	964363.0	43.0	910720.0	1561905.0	1521208.0	28.23	28.18	910720.0	910720.0	26498.0	26958.0	544269.8	558830.7	1.0	1.0	16.0	15.0	15.0	9.0	249035.0	6.0	0.0	0.0	1.0	2.0	6.0	32234.0	94.713	1.061	0.0	241.92	30.56	1549.0	42.0	910708.0	1528192.0	910708.0	910708.0	11706.0	16822.0	541710.3	556202.7	1.0	1.0	19.0	17.0
URI33H	44.0	17.0	16.0	15.0	13.0	2.0	1353948.0	1344529.0	1342007.0	1334990.0	1307570.0	957555.0	25.0	902844.0	1349420.0	1521208.0	28.05	28.18	902844.0	902844.0	30583.0	-	615027.7	545573.4	1.0	1.0	10.0	-	18.0	7.0	213190.0	14.0	0.0	0.0	2.0	7.0	12.0	115663.0	79.791	1.013	0.0	777.3	49.44	1255.0	47.0	902630.0	1229764.0	902630.0	902630.0	2376.0	-	609741.7	540884.3	1.0	1.0	24.0	-
URI34H	79.0	29.0	18.0	16.0	10.0	2.0	1376021.0	1352700.0	1335437.0	1317270.0	1191974.0	964064.0	53.0	910082.0	1369133.0	1521208.0	28.26	28.18	910082.0	910082.0	24444.0	517.0	613972.7	552593.9	1.0	1.0	12.0	53.0	9.0	4.0	117675.0	8.0	0.0	0.0	1.0	11.0	12.0	185898.0	75.937	1.017	0.0	704.15	41.21	1186.0	61.0	904883.0	1174458.0	904883.0	904883.0	-	-	602436.3	542210.8	1.0	1.0	-	-
URI36H	53.0	25.0	21.0	20.0	13.0	2.0	1482383.0	1470916.0	1463555.0	1454827.0	1308923.0	981497.0	34.0	927732.0	1476993.0	1521208.0	28.18	28.18	927732.0	927732.0	24799.0	23172.0	593546.1	576294.2	1.0	1.0	14.0	16.0	39.0	16.0	1339384.0	12.0	0.0	0.0	1.0	11.0	17.0	124272.0	82.581	1.074	0.0	973.06	63.98	1295.0	53.0	903450.0	1348941.0	903450.0	903450.0	1976.0	-	558503.2	542269.9	1.0	1.0	42.0	-
URI39H	28.0	25.0	21.0	21.0	18.0	2.0	1557202.0	1556617.0	1550714.0	1550714.0	1491460.0	974342.0	25.0	920673.0	1556617.0	1521208.0	28.18	28.18	920673.0	920673.0	29922.0	29953.0	558251.9	571246.3	1.0	1.0	15.0	14.0	15.0	9.0	1145996.0	11.0	0.0	0.0	0.0	0.0	5.0	33225.0	96.519	1.036	0.0	216.2	22.67	1592.0	35.0	910664.0	1521753.0	910664.0	910664.0	17053.0	24180.0	544132.2	556797.9	1.0	1.0	17.0	15.0
URI40H	82.0	26.0	21.0	19.0	17.0	2.0	1509727.0	1489695.0	1482038.0	1468459.0	1430502.0	964227.0	42.0	910602.0	1501192.0	1521208.0	28.24	28.18	910602.0	910602.0	28159.0	26498.0	564706.4	557276.0	1.0	1.0	14.0	15.0	15.0	10.0	273034.0	1.0	0.0	0.0	1.0	3.0	7.0	38594.0	93.357	1.029	0.0	147.59	20.18	1538.0	39.0	910602.0	1461497.0	910602.0	910602.0	15745.0	11855.0	562201.8	554804.4	1.0	1.0	17.0	18.0
URI41H	84.0	21.0	17.0	17.0	15.0	3.0	1468867.0	1447925.0	1441808.0	1441808.0	1404162.0	1028130.0	34.0	914354.0	1457112.0	1521208.0	28.25	28.18	914354.0	914354.0	29838.0	26498.0	587000.6	562267.3	1.0	1.0	12.0	14.0	13.0	5.0	198557.0	5.0	0.0	0.0	1.0	0.0	4.0	22425.0	91.732	1.025	0.0	166.82	22.52	1509.0	42.0	910732.0	1429648.0	910732.0	910732.0	19399.0	13215.0	578990.2	554594.5	1.0	1.0	15.0	18.0
URI42H	74.0	25.0	18.0	17.0	15.0	3.0	1460998.0	1444651.0	1434764.0	1427480.0	1389625.0	1021763.0	36.0	910587.0	1452605.0	1521208.0	28.33	28.18	910587.0	910587.0	29948.0	26498.0	583429.6	557118.2	1.0	1.0	13.0	15.0	12.0	8.0	242305.0	1.0	0.0	0.0	1.0	3.0	5.0	34240.0	90.328	1.031	0.0	153.47	20.25	1499.0	28.0	910587.0	1417187.0	910587.0	910587.0	17431.0	7399.0	580220.8	554054.2	1.0	1.0	15.0	19.0
URI44H	75.0	22.0	19.0	18.0	12.0	2.0	1417636.0	1398063.0	1392903.0	1385077.0	1259640.0	974850.0	37.0	921082.0	1408987.0	1521208.0	28.11	28.18	921082.0	921082.0	24780.0	21164.0	611945.9	566802.1	1.0	1.0	13.0	17.0	24.0	11.0	1187541.0	14.0	0.0	0.0	4.0	4.0	20.0	180999.0	78.825	1.022	0.0	798.63	51.27	1250.0	55.0	905453.0	1224978.0	905453.0	905453.0	-	-	585952.2	542726.0	1.0	1.0	-	-
URI45H	350.0	96.0	39.0	24.0	17.0	4.0	1585394.0	1502288.0	1367871.0	1264378.0	1143683.0	748610.0	139.0	254720.0	1532603.0	1521208.0	28.06	28.18	42830.0	42830.0	4696.0	4917.0	114914.3	115775.1	5.0	5.0	42.0	40.0	21.0	15.0	273617.0	11.0	0.0	0.0	5.0	22.0	22.0	214935.0	80.823	1.071	0.0	859.07	53.87	1233.0	118.0	254720.0	1316192.0	38825.0	38825.0	-	-	109932.1	110755.5	5.0	5.0	-	-
URI46H	95.0	27.0	19.0	16.0	10.0	4.0	1437550.0	1414866.0	1405423.0	1383984.0	1253795.0	1077575.0	41.0	906762.0	1425069.0	1521208.0	28.0	28.18	906762.0	906762.0	24565.0	17119.0	589625.5	552361.7	1.0	1.0	12.0	16.0	29.0	15.0	342002.0	9.0	0.0	0.0	2.0	8.0	18.0	180297.0	79.301	1.027	0.0	817.66	52.04	1248.0	62.0	904647.0	1239384.0	904647.0	904647.0	-	-	578233.1	541689.3	1.0	1.0	-	-
URI47H	29.0	21.0	19.0	18.0	14.0	4.0	1512039.0	1507689.0	1505586.0	1496192.0	1407672.0	1111925.0	24.0	921203.0	1510323.0	1521208.0	28.18	28.18	921203.0	921203.0	26514.0	26514.0	577492.2	573360.0	1.0	1.0	13.0	13.0	31.0	16.0	1356200.0	16.0	0.0	0.0	3.0	0.0	17.0	213246.0	80.907	1.05	0.0	924.47	58.01	1290.0	54.0	905460.0	1292852.0	905460.0	905460.0	-	-	547281.9	543365.8	1.0	1.0	-	-
URI48H	22.0	16.0	16.0	15.0	14.0	2.0	1377993.0	1375278.0	1375278.0	1366758.0	1350631.0	957485.0	18.0	902776.0	1377107.0	1521208.0	28.3	28.18	902776.0	902776.0	29586.0	8520.0	603907.5	546700.5	1.0	1.0	11.0	16.0	18.0	8.0	257775.0	12.0	0.0	0.0	1.0	1.0	13.0	135317.0	79.659	1.022	0.0	854.78	48.47	1261.0	56.0	902586.0	1237857.0	902586.0	902586.0	-	-	597531.8	540928.8	1.0	1.0	-	-
URI56H	230.0	48.0	20.0	10.0	3.0	2.0	1297641.0	1233022.0	1170376.0	1099567.0	983573.0	957067.0	84.0	903272.0	1259512.0	1521208.0	28.1	28.18	903272.0	903272.0	7895.0	-	652857.3	540545.2	1.0	1.0	14.0	-	14.0	9.0	113180.0	7.0	0.0	0.0	1.0	14.0	17.0	57814.0	77.927	1.01	0.0	728.86	48.69	1203.0	81.0	903068.0	1197483.0	903068.0	903068.0	2959.0	-	651881.5	539737.2	1.0	1.0	21.0	-
URI86H	88.0	25.0	17.0	15.0	9.0	3.0	1406230.0	1384893.0	1375267.0	1360659.0	1232882.0	1059318.0	39.0	919077.0	1395149.0	1521208.0	28.07	28.18	919077.0	919077.0	24381.0	8673.0	618587.5	567326.6	1.0	1.0	10.0	16.0	24.0	13.0	1227542.0	14.0	0.0	0.0	3.0	11.0	15.0	194419.0	78.017	1.013	0.0	763.12	43.83	1238.0	51.0	905419.0	1202425.0	905419.0	905419.0	-	-	591532.4	542513.5	1.0	1.0	-	-
URI87H	66.0	24.0	19.0	19.0	18.0	2.0	1505755.0	1491333.0	1482048.0	1482048.0	1460107.0	964183.0	34.0	910570.0	1498567.0	1521208.0	28.22	28.18	910570.0	910570.0	29801.0	28162.0	565982.2	557558.3	1.0	1.0	14.0	15.0	12.0	9.0	246397.0	1.0	0.0	0.0	0.0	0.0	4.0	14744.0	93.766	1.04	0.0	152.86	15.37	1547.0	38.0	910570.0	1483054.0	910570.0	910570.0	16800.0	14682.0	563861.9	555469.6	1.0	1.0	16.0	17.0
URI88H	33.0	21.0	20.0	20.0	16.0	5.0	1540602.0	1536809.0	1533641.0	1533641.0	1459031.0	1128755.0	23.0	906672.0	1538319.0	1521208.0	28.23	28.18	906672.0	906672.0	29970.0	30258.0	549806.3	555990.7	1.0	1.0	14.0	13.0	34.0	12.0	441972.0	24.0	0.0	0.0	3.0	2.0	18.0	215944.0	81.483	1.065	0.0	919.68	56.37	1300.0	45.0	904981.0	1319922.0	904981.0	904981.0	-	-	537221.6	543264.4	1.0	1.0	-	-
URI89H	85.0	26.0	22.0	21.0	18.0	2.0	1553229.0	1536778.0	1530148.0	1523878.0	1464255.0	964384.0	33.0	910720.0	1541420.0	1521208.0	28.23	28.18	910720.0	910720.0	28159.0	29732.0	551068.6	558390.5	1.0	1.0	16.0	15.0	17.0	11.0	333226.0	5.0	0.0	0.0	0.0	0.0	6.0	30796.0	94.092	1.055	0.0	195.47	23.38	1540.0	44.0	910720.0	1509728.0	910720.0	910720.0	15818.0	16801.0	548321.8	555607.2	1.0	1.0	18.0	17.0
URI91H	26.0	23.0	22.0	22.0	20.0	2.0	1588266.0	1587663.0	1586419.0	1586419.0	1542499.0	964288.0	23.0	910690.0	1587663.0	1521208.0	28.21	28.18	910690.0	910690.0	29838.0	30299.0	536832.3	560284.2	1.0	1.0	16.0	14.0	12.0	11.0	330904.0	2.0	0.0	0.0	0.0	0.0	5.0	27320.0	96.095	1.067	0.0	114.59	13.08	1585.0	31.0	910690.0	1559505.0	910690.0	910690.0	20069.0	26498.0	534634.8	557990.7	1.0	1.0	18.0	15.0
URI93H	29.0	18.0	17.0	17.0	16.0	3.0	1474340.0	1470189.0	1469182.0	1469182.0	1444526.0	1014439.0	21.0	910570.0	1472745.0	1521208.0	28.12	28.18	910570.0	910570.0	30299.0	29805.0	577033.6	558650.4	1.0	1.0	12.0	14.0	15.0	8.0	251406.0	4.0	0.0	0.0	0.0	0.0	3.0	22254.0	93.435	1.019	0.0	137.8	21.54	1532.0	38.0	910570.0	1448496.0	910570.0	910570.0	24168.0	16800.0	573983.1	555697.0	1.0	1.0	14.0	16.0
UWI247P	17.0	17.0	17.0	17.0	12.0	2.0	1359286.0	1359286.0	1359286.0	1359286.0	1256549.0	966184.0	17.0	912339.0	1359286.0	1521208.0	28.17	28.18	912339.0	912339.0	26785.0	-	622310.7	556070.1	1.0	1.0	11.0	-	16.0	7.0	203780.0	7.0	0.0	0.0	4.0	0.0	14.0	169312.0	76.947	1.011	0.0	747.05	44.21	1225.0	38.0	904616.0	1183061.0	904616.0	904616.0	-	-	606430.8	541880.5	1.0	1.0	-	-
UWI248P	18.0	18.0	18.0	18.0	13.0	2.0	1387586.0	1387586.0	1387586.0	1387586.0	1284700.0	963799.0	18.0	910022.0	1387586.0	1521208.0	28.19	28.18	910022.0	910022.0	26763.0	18037.0	607246.6	553906.4	1.0	1.0	12.0	17.0	18.0	8.0	234336.0	5.0	0.0	0.0	3.0	0.0	15.0	185552.0	76.972	1.022	0.0	784.23	52.06	1227.0	36.0	904617.0	1196589.0	904617.0	904617.0	-	-	594095.4	541910.4	1.0	1.0	-	-
UWI263P	19.0	19.0	19.0	18.0	14.0	2.0	1409038.0	1409038.0	1409038.0	1399612.0	1312125.0	961828.0	19.0	907926.0	1409038.0	1521208.0	28.18	28.18	907926.0	907926.0	26519.0	20998.0	595812.4	551878.7	1.0	1.0	13.0	17.0	25.0	9.0	286890.0	13.0	0.0	0.0	4.0	0.0	15.0	162477.0	78.613	1.034	0.0	829.11	51.82	1246.0	54.0	904819.0	1236994.0	904819.0	904819.0	-	-	585398.8	542233.0	1.0	1.0	-	-
UWI283P	16.0	16.0	16.0	16.0	11.0	2.0	1332290.0	1332290.0	1332290.0	1332290.0	1225449.0	957131.0	16.0	903355.0	1332290.0	1521208.0	28.25	28.18	903355.0	903355.0	26531.0	-	622473.7	545169.0	1.0	1.0	11.0	-	20.0	8.0	240737.0	8.0	0.0	0.0	0.0	2.0	10.0	135937.0	77.217	1.018	0.0	872.33	51.52	1223.0	49.0	903176.0	1195764.0	903176.0	903176.0	-	-	617040.0	540410.2	1.0	1.0	-	-
XYZ459H	24.0	20.0	17.0	15.0	10.0	1.0	1272095.0	1269813.0	1266365.0	1248489.0	1169398.0	903233.0	22.0	903233.0	1271424.0	1521208.0	28.24	28.18	903233.0	903233.0	26537.0	-	649068.4	542490.7	1.0	1.0	10.0	-	8.0	5.0	101197.0	6.0	0.0	0.0	2.0	3.0	10.0	118769.0	75.191	1.007	0.0	757.97	44.71	1182.0	44.0	903158.0	1151892.0	903158.0	903158.0	1842.0	-	645585.2	539579.4	1.0	1.0	19.0	-
