NC_001857.2	0	1000	219
NC_001857.2	1000	49000	0
NC_001857.2	49000	50000	26
NC_001857.2	50000	1522000	0
NC_001849.2	0	3000	0
NC_001849.2	3000	4000	1
NC_001849.2	4000	5000	136
NC_001849.2	5000	10000	0
NC_001849.2	10000	11000	32
NC_001849.2	11000	15000	0
NC_001849.2	15000	16000	21
NC_001849.2	16000	1522000	0
NC_001318.1	0	1000	237
NC_001318.1	1000	2000	286
NC_001318.1	2000	3000	299
NC_001318.1	3000	4000	249
NC_001318.1	4000	5000	294
NC_001318.1	5000	6000	293
NC_001318.1	6000	7000	294
NC_001318.1	7000	8000	312
NC_001318.1	8000	9000	287
NC_001318.1	9000	10000	285
NC_001318.1	10000	11000	299
NC_001318.1	11000	12000	276
NC_001318.1	12000	13000	274
NC_001318.1	13000	14000	284
NC_001318.1	14000	15000	281
NC_001318.1	15000	16000	95
NC_001318.1	16000	1522000	0
NC_001903.1	0	1000	350
NC_001903.1	1000	2000	77
NC_001903.1	2000	1522000	0
