NC_001857.2	0	1000	9
NC_001857.2	1000	1522000	0
NC_000949.1	0	1000	2
NC_000949.1	1000	6000	0
NC_000949.1	6000	7000	2
NC_000949.1	7000	1522000	0
NC_000954.1	0	1000	14
NC_000954.1	1000	12000	0
NC_000954.1	12000	13000	1
NC_000954.1	13000	1522000	0
NC_001856.1	0	1000	3
NC_001856.1	1000	1522000	0
NC_001853.1	0	1000	9
NC_001853.1	1000	1522000	0
NC_001850.1	0	1000	34
NC_001850.1	1000	1522000	0
NC_000951.1	0	1000	0
NC_000951.1	1000	2000	151
NC_000951.1	2000	3000	291
NC_000951.1	3000	1522000	0
NC_000955.2	0	1000	0
NC_000955.2	1000	2000	13
NC_000955.2	2000	3000	0
NC_000955.2	3000	4000	7
NC_000955.2	4000	5000	2
NC_000955.2	5000	6000	6
NC_000955.2	6000	7000	18
NC_000955.2	7000	8000	13
NC_000955.2	8000	9000	13
NC_000955.2	9000	10000	43
NC_000955.2	10000	11000	21
NC_000955.2	11000	12000	53
NC_000955.2	12000	13000	0
NC_000955.2	13000	14000	4
NC_000955.2	14000	15000	43
NC_000955.2	15000	1522000	0
NC_001903.1	0	9000	0
NC_001903.1	9000	10000	15
NC_001903.1	10000	1522000	0
NC_000950.1	0	1000	11
NC_000950.1	1000	1522000	0
NC_000956.1	0	2000	0
NC_000956.1	2000	3000	27
NC_000956.1	3000	1522000	0
NC_001855.1	0	1000	1
NC_001855.1	1000	1522000	0
NC_001318.1	0	1000	95
NC_001318.1	1000	1522000	0
NC_001854.1	0	1000	0
NC_001854.1	1000	2000	3
NC_001854.1	2000	1522000	0
NC_001851.2	0	1000	144
NC_001851.2	1000	25000	0
NC_001851.2	25000	26000	45
NC_001851.2	26000	1522000	0
NC_000953.1	0	27000	0
NC_000953.1	27000	28000	45
NC_000953.1	28000	29000	109
NC_000953.1	29000	1522000	0
NC_001852.1	0	1000	2
NC_001852.1	1000	1522000	0
NC_000952.1	0	1000	366
NC_000952.1	1000	2000	167
NC_000952.1	2000	1522000	0
NC_001904.1	0	1000	76
NC_001904.1	1000	2000	0
NC_001904.1	2000	3000	69
NC_001904.1	3000	4000	24
NC_001904.1	4000	5000	0
NC_001904.1	5000	6000	2
NC_001904.1	6000	7000	100
NC_001904.1	7000	1522000	0
