NC_001853.1
27578 28601
NC_000949.1
6082 16275
17272 20855
26772 30223
NC_001855.1
2198 3807
17088 19301
23198 34384
35482 36849
NC_001318.1
905068 905197
NC_001854.1
1 1626
24149 25238
25878 26168
26873 27323
NC_001904.1
1 217
2718 5246
5840 6051
9331 9386
NC_000948.1
1 1493
1995 30750
NC_001857.2
46465 49337
NC_001856.1
1 30312
30314 30402
30404 38829
NC_000951.1
1 2100
3027 4119
5178 15157
16490 17389
26217 29838
NC_000950.1
1 830
9401 15142
16431 17565
22194 30299
NC_001850.1
4830 6063
6065 9452
10843 21222
21238 21834
21838 24177
NC_000956.1
467 7082
7583 13764
18266 18688
20322 31817
34704 50243
50807 52971
NC_001903.1
NC_001851.2
1 1666
2110 9848
10523 11926
15551 28155
NC_001852.1
4118 8845
8935 9742
23728 29355
NC_000957.1
1 4529
4531 5228
NC_000954.1
1 17771
22396 30651
NC_000955.2
3673 3733
4055 4487
4888 5139
5327 5763
6042 6102
6169 6229
6478 6664
7432 7662
7972 8216
8417 8479
9043 9103
9532 9655
9846 9906
10157 10219
10663 10786
11538 11661
14356 14557
NC_001849.2
1 3996
10187 10427
15332 15431
NC_000953.1
1 15141
16734 16967
17537 18579
19195 26855
NC_000952.1
14774 20364
20833 22778
26604 28121
29241 30800
