NC_001857.2	0	1000	297
NC_001857.2	1000	2000	55
NC_001857.2	2000	49000	0
NC_001857.2	49000	50000	20
NC_001857.2	50000	1522000	0
NC_000949.1	0	3000	0
NC_000949.1	3000	4000	167
NC_000949.1	4000	5000	11
NC_000949.1	5000	1522000	0
NC_001903.1	0	1000	113
NC_001903.1	1000	9000	0
NC_001903.1	9000	10000	109
NC_001903.1	10000	17000	0
NC_001903.1	17000	18000	106
NC_001903.1	18000	1522000	0
NC_001849.2	0	2000	0
NC_001849.2	2000	3000	16
NC_001849.2	3000	4000	0
NC_001849.2	4000	5000	145
NC_001849.2	5000	15000	0
NC_001849.2	15000	16000	19
NC_001849.2	16000	1522000	0
NC_000951.1	0	17000	0
NC_000951.1	17000	18000	45
NC_000951.1	18000	1522000	0
NC_000956.1	0	1000	170
NC_000956.1	1000	22000	0
NC_000956.1	22000	23000	35
NC_000956.1	23000	24000	223
NC_000956.1	24000	26000	0
NC_000956.1	26000	27000	125
NC_000956.1	27000	31000	0
NC_000956.1	31000	32000	146
NC_000956.1	32000	33000	191
NC_000956.1	33000	52000	0
NC_000956.1	52000	53000	5
NC_000956.1	53000	1522000	0
NC_001855.1	0	1000	12
NC_001855.1	1000	3000	0
NC_001855.1	3000	4000	64
NC_001855.1	4000	5000	24
NC_001855.1	5000	19000	0
NC_001855.1	19000	20000	10
NC_001855.1	20000	1522000	0
NC_001318.1	0	1000	260
NC_001318.1	1000	2000	292
NC_001318.1	2000	3000	305
NC_001318.1	3000	4000	289
NC_001318.1	4000	5000	207
NC_001318.1	5000	6000	291
NC_001318.1	6000	7000	323
NC_001318.1	7000	8000	295
NC_001318.1	8000	9000	314
NC_001318.1	9000	10000	298
NC_001318.1	10000	11000	291
NC_001318.1	11000	12000	255
NC_001318.1	12000	13000	309
NC_001318.1	13000	14000	300
NC_001318.1	14000	15000	287
NC_001318.1	15000	16000	271
NC_001318.1	16000	17000	298
NC_001318.1	17000	1522000	0
NC_001854.1	0	1000	0
NC_001854.1	1000	2000	29
NC_001854.1	2000	7000	0
NC_001854.1	7000	8000	30
NC_001854.1	8000	9000	153
NC_001854.1	9000	26000	0
NC_001854.1	26000	27000	15
NC_001854.1	27000	1522000	0
NC_001851.2	0	9000	0
NC_001851.2	9000	10000	12
NC_001851.2	10000	11000	7
NC_001851.2	11000	1522000	0
NC_000953.1	0	3000	0
NC_000953.1	3000	4000	209
NC_000953.1	4000	15000	0
NC_000953.1	15000	16000	32
NC_000953.1	16000	18000	0
NC_000953.1	18000	19000	5
NC_000953.1	19000	1522000	0
NC_001852.1	0	1000	31
NC_001852.1	1000	2000	0
NC_001852.1	2000	3000	51
NC_001852.1	3000	4000	39
NC_001852.1	4000	1522000	0
NC_000952.1	0	1000	389
NC_000952.1	1000	2000	57
NC_000952.1	2000	19000	0
NC_000952.1	19000	20000	60
NC_000952.1	20000	21000	6
NC_000952.1	21000	1522000	0
NC_001904.1	0	7000	0
NC_001904.1	7000	8000	15
NC_001904.1	8000	1522000	0
