NC_001853.1
27578 28601
NC_000949.1
375 540
3828 30223
NC_001855.1
2198 3807
17088 19301
23198 36849
NC_001318.1
905068 905197
NC_001854.1
1 1626
24149 25238
25878 26168
NC_001904.1
1 203
NC_000948.1
1 3827
6082 30750
NC_001857.2
46465 49337
NC_001856.1
1 30312
30314 30402
30404 38829
NC_000951.1
6637 15157
16490 17389
26217 29838
NC_000950.1
8041 15142
16431 17565
22194 30299
NC_001850.1
4830 6063
6065 9452
10843 21222
21238 21834
21838 24177
NC_000956.1
1 13764
18266 18688
19071 31830
36936 50243
50807 52971
NC_001903.1
NC_001851.2
1 1666
2110 9777
10523 11926
15551 28155
NC_001852.1
4118 8845
8935 9742
23728 29355
NC_000957.1
1 4529
4531 5228
NC_000954.1
1 15669
16957 17043
17329 17771
22396 30651
NC_000955.2
1 2437
3691 3811
4551 5241
5514 6361
6667 6786
7234 7357
7600 7662
7976 8721
8874 9110
9293 9977
10625 11794
12045 12229
12470 12597
12974 14389
NC_001849.2
1 3996
10187 10427
15332 15431
NC_000953.1
1 15141
16734 26855
NC_000952.1
9957 22778
26604 30800
