NC_001853.1
NC_000949.1
NC_001855.1
NC_001318.1
1 343
169536 169705
219794 219998
438347 441591
631962 632052
643183 643352
822986 823317
910501 910724
NC_001854.1
24149 25238
26146 27323
NC_001904.1
1 9386
NC_000948.1
10009 22417
NC_001857.2
53431 53657
NC_001856.1
38090 38313
NC_000951.1
1 16488
26207 27856
NC_000950.1
10053 10354
NC_001850.1
1 2439
2441 3600
3602 6063
6065 21222
21238 21834
21838 24177
NC_000956.1
1 26280
30003 52971
NC_001903.1
NC_001851.2
1643 5404
5758 5985
6417 9752
15551 15800
16660 16749
17286 28155
NC_001852.1
1 837
NC_000957.1
1 4529
4531 5228
NC_000954.1
5181 13410
NC_000955.2
1 18777
NC_001849.2
1 1010
1938 2712
4258 4515
10187 10427
NC_000953.1
NC_000952.1
16486 16965
26505 30800
