NC_001853.1
89 324
921 1042
27044 27273
27275 28601
NC_000949.1
375 13081
13592 16421
17039 21297
26657 29878
NC_001855.1
2198 3807
17088 19301
23198 34384
35482 36543
NC_001318.1
435179 438423
905068 905393
NC_001854.1
1 1626
24149 25238
25878 26343
26873 27323
NC_001904.1
1 9386
NC_000948.1
1 9398
9519 10221
10508 30750
NC_001857.2
46404 46468
47234 49337
NC_001856.1
1 30312
30314 30402
30404 38829
NC_000951.1
6693 10231
14786 15157
16490 17239
22344 22484
26217 29838
NC_000950.1
1 5402
6028 6684
7518 15142
16431 17565
22194 30299
NC_001850.1
760 2439
2441 3600
3602 3718
4830 6063
6065 9452
10843 21222
21238 21834
21838 24177
NC_000956.1
313 32524
34182 52971
NC_001903.1
NC_001851.2
1 9848
10523 11926
15551 28155
NC_001852.1
1 1024
2807 3152
4118 8845
8935 9742
23728 29355
NC_000957.1
1 2392
2952 4529
4531 5228
NC_000954.1
1 6095
6613 7591
8118 15287
16957 17043
17329 17771
22396 25047
25865 30651
NC_000955.2
1 2439
3703 14593
NC_001849.2
1 2130
2483 3996
10187 10427
15332 15431
NC_000953.1
1 15141
16734 16967
17329 26855
NC_000952.1
9957 22778
26604 28208
29249 30800
