NC_001857.2	0	1000	216
NC_001857.2	1000	49000	0
NC_001857.2	49000	50000	26
NC_001857.2	50000	1522000	0
NC_000949.1	0	1000	118
NC_000949.1	1000	15000	0
NC_000949.1	15000	16000	23
NC_000949.1	16000	17000	0
NC_000949.1	17000	18000	7
NC_000949.1	18000	19000	113
NC_000949.1	19000	20000	59
NC_000949.1	20000	1522000	0
NC_000954.1	0	1000	338
NC_000954.1	1000	15000	0
NC_000954.1	15000	16000	20
NC_000954.1	16000	17000	0
NC_000954.1	17000	18000	101
NC_000954.1	18000	19000	42
NC_000954.1	19000	1522000	0
NC_001853.1	0	1000	73
NC_001853.1	1000	1522000	0
NC_001850.1	0	1000	150
NC_001850.1	1000	9000	0
NC_001850.1	9000	10000	30
NC_001850.1	10000	1522000	0
NC_000951.1	0	1000	258
NC_000951.1	1000	10000	0
NC_000951.1	10000	11000	197
NC_000951.1	11000	15000	0
NC_000951.1	15000	16000	26
NC_000951.1	16000	17000	0
NC_000951.1	17000	18000	229
NC_000951.1	18000	19000	244
NC_000951.1	19000	27000	0
NC_000951.1	27000	28000	57
NC_000951.1	28000	29000	31
NC_000951.1	29000	1522000	0
NC_000955.2	0	2000	0
NC_000955.2	2000	3000	6
NC_000955.2	3000	4000	19
NC_000955.2	4000	5000	40
NC_000955.2	5000	6000	31
NC_000955.2	6000	7000	5
NC_000955.2	7000	8000	75
NC_000955.2	8000	9000	154
NC_000955.2	9000	13000	0
NC_000955.2	13000	14000	34
NC_000955.2	14000	15000	25
NC_000955.2	15000	1522000	0
NC_001903.1	0	1000	350
NC_001903.1	1000	2000	67
NC_001903.1	2000	23000	0
NC_001903.1	23000	24000	10
NC_001903.1	24000	1522000	0
NC_000950.1	0	1000	255
NC_000950.1	1000	15000	0
NC_000950.1	15000	16000	27
NC_000950.1	16000	17000	0
NC_000950.1	17000	18000	137
NC_000950.1	18000	1522000	0
NC_001849.2	0	3000	0
NC_001849.2	3000	4000	1
NC_001849.2	4000	5000	136
NC_001849.2	5000	10000	0
NC_001849.2	10000	11000	32
NC_001849.2	11000	13000	0
NC_001849.2	13000	14000	8
NC_001849.2	14000	15000	0
NC_001849.2	15000	16000	42
NC_001849.2	16000	1522000	0
NC_000956.1	0	18000	0
NC_000956.1	18000	19000	18
NC_000956.1	19000	31000	0
NC_000956.1	31000	32000	393
NC_000956.1	32000	33000	153
NC_000956.1	33000	50000	0
NC_000956.1	50000	51000	30
NC_000956.1	51000	1522000	0
NC_001855.1	0	1000	16
NC_001855.1	1000	3000	0
NC_001855.1	3000	4000	61
NC_001855.1	4000	5000	2
NC_001855.1	5000	19000	0
NC_001855.1	19000	20000	23
NC_001855.1	20000	34000	0
NC_001855.1	34000	35000	11
NC_001855.1	35000	1522000	0
NC_001318.1	0	1000	223
NC_001318.1	1000	2000	283
NC_001318.1	2000	3000	303
NC_001318.1	3000	4000	246
NC_001318.1	4000	5000	298
NC_001318.1	5000	6000	290
NC_001318.1	6000	7000	296
NC_001318.1	7000	8000	314
NC_001318.1	8000	9000	283
NC_001318.1	9000	10000	286
NC_001318.1	10000	11000	299
NC_001318.1	11000	12000	276
NC_001318.1	12000	13000	288
NC_001318.1	13000	14000	270
NC_001318.1	14000	15000	282
NC_001318.1	15000	16000	108
NC_001318.1	16000	903000	0
NC_001318.1	903000	904000	6
NC_001318.1	904000	905000	0
NC_001318.1	905000	906000	36
NC_001318.1	906000	1522000	0
NC_001854.1	0	1000	0
NC_001854.1	1000	2000	62
NC_001854.1	2000	3000	123
NC_001854.1	3000	26000	0
NC_001854.1	26000	27000	42
NC_001854.1	27000	1522000	0
NC_001851.2	0	1000	0
NC_001851.2	1000	2000	4
NC_001851.2	2000	9000	0
NC_001851.2	9000	10000	11
NC_001851.2	10000	11000	5
NC_001851.2	11000	12000	25
NC_001851.2	12000	13000	42
NC_001851.2	13000	1522000	0
NC_000953.1	0	1000	347
NC_000953.1	1000	15000	0
NC_000953.1	15000	16000	31
NC_000953.1	16000	17000	12
NC_000953.1	17000	18000	14
NC_000953.1	18000	26000	0
NC_000953.1	26000	27000	42
NC_000953.1	27000	28000	131
NC_000953.1	28000	1522000	0
NC_001852.1	0	1000	61
NC_001852.1	1000	2000	0
NC_001852.1	2000	3000	53
NC_001852.1	3000	4000	40
NC_001852.1	4000	8000	0
NC_001852.1	8000	9000	2
NC_001852.1	9000	10000	86
NC_001852.1	10000	11000	302
NC_001852.1	11000	29000	0
NC_001852.1	29000	30000	16
NC_001852.1	30000	1522000	0
NC_000952.1	0	3000	0
NC_000952.1	3000	4000	291
NC_000952.1	4000	22000	0
NC_000952.1	22000	23000	46
NC_000952.1	23000	1522000	0
