NC_001853.1
27144 27273
27275 28601
NC_000949.1
3457 16350
17288 30223
NC_001855.1
2198 7749
23198 34384
35482 36849
NC_001318.1
1 93
905027 910724
NC_001854.1
1 1626
24149 25238
25878 26343
26873 27323
NC_001904.1
1 2865
3919 4368
5840 6910
NC_000948.1
1 30750
NC_001857.2
15805 16084
46465 49337
NC_001856.1
1 30312
30314 30402
30404 38829
NC_000951.1
1 1056
9400 11999
14786 29838
NC_000950.1
1 30299
NC_001850.1
6327 9452
10843 21222
21238 21834
21838 24177
NC_000956.1
1 19482
20230 24523
26161 26521
29894 31816
36936 51259
52165 52623
52799 52971
NC_001903.1
NC_001851.2
1 90
2110 5165
7967 9848
10523 28155
NC_001852.1
4118 28947
NC_000957.1
5175 5228
NC_000954.1
9453 17070
17544 22611
26173 30651
NC_000955.2
1 16189
16553 18777
NC_001849.2
1764 3996
15332 15431
NC_000953.1
1 30885
NC_000952.1
1 10304
10529 20770
23108 28121
28381 30800
