NC_001853.1
27578 28601
NC_000949.1
5630 15293
17288 30223
NC_001855.1
1 7749
23198 35363
NC_001318.1
905027 910724
NC_001854.1
1 27323
NC_001904.1
1 2865
3919 4368
5840 6910
NC_000948.1
1 11989
14767 30750
NC_001857.2
15805 16084
46465 49337
NC_001856.1
1 30312
30314 30402
30404 38829
NC_000951.1
9445 29838
NC_000950.1
5946 21804
22166 30299
NC_001850.1
6327 21222
21238 21834
21838 24177
NC_000956.1
2393 16110
18266 18623
20232 26521
29894 31816
33808 51259
52165 52623
52799 52971
NC_001903.1
NC_001851.2
1 90
2110 5165
7967 9848
10523 28155
NC_001852.1
1 3152
4118 8845
8935 9742
18063 18360
18892 19124
22265 28838
NC_000957.1
NC_000954.1
1 30651
NC_000955.2
1 16189
16553 18777
NC_001849.2
1 3996
15332 15431
NC_000953.1
1 5935
9435 30885
NC_000952.1
1 5628
9434 10320
14774 18181
26578 30800
