NC_001857.2	0	1000	8
NC_001857.2	1000	1522000	0
NC_000956.1	0	1000	1
NC_000956.1	1000	1522000	0
NC_000954.1	0	1000	2
NC_000954.1	1000	1522000	0
NC_001856.1	0	1000	2
NC_001856.1	1000	1522000	0
NC_000949.1	0	1000	1
NC_000949.1	1000	1522000	0
NC_001903.1	0	1000	3
NC_001903.1	1000	1522000	0
NC_001318.1	0	1000	43
NC_001318.1	1000	2000	56
NC_001318.1	2000	1522000	0
NC_000948.1	0	1000	162
NC_000948.1	1000	17000	0
NC_000948.1	17000	18000	71
NC_000948.1	18000	22000	0
NC_000948.1	22000	23000	67
NC_000948.1	23000	24000	198
NC_000948.1	24000	1522000	0
