NC_001853.1
1 12884
12886 27273
27275 28601
NC_000949.1
1 30223
NC_001855.1
1 36849
NC_001318.1
910641 910724
NC_001854.1
1416 27323
NC_001904.1
1 9386
NC_000948.1
1 30750
NC_001857.2
NC_001856.1
1 30312
30314 30402
30404 38829
NC_000951.1
1 29838
NC_000950.1
1 30299
NC_001850.1
1 2439
2441 3600
3602 6063
6065 21222
21238 21834
21838 24177
NC_000956.1
1 52971
NC_001903.1
NC_001851.2
1 28155
NC_001852.1
1 29766
NC_000957.1
1 4529
4531 5228
NC_000954.1
1 30651
NC_000955.2
1 18777
NC_001849.2
1 1010
4258 4515
10187 10427
NC_000953.1
1 30885
NC_000952.1
1 30800
