NC_001853.1
27578 28601
NC_000949.1
1 15121
17288 23492
26199 28406
NC_001855.1
2198 7749
23198 35363
NC_001318.1
1 50
104070 104258
171092 171256
219339 221196
408132 408231
435179 438423
642945 643270
823069 823180
824102 824301
903353 903611
905068 905331
908925 910724
NC_001854.1
1 1626
24149 25238
25878 26168
NC_001904.1
1 2865
3809 4368
5840 6910
NC_000948.1
9396 11989
14767 30750
NC_001857.2
15805 16084
46465 49143
NC_001856.1
1 30312
30314 30402
30404 38829
NC_000951.1
9451 17241
20785 22550
27021 29838
NC_000950.1
9445 21795
25337 30299
NC_001850.1
6327 9452
10843 21222
21238 21834
21838 24177
NC_000956.1
2393 18623
20230 26521
29894 31816
36936 52971
NC_001903.1
NC_001851.2
2110 5404
5758 9848
10523 28155
NC_001852.1
1 66
4118 8845
8935 9742
18063 18360
18892 19124
22265 29766
NC_000957.1
1 4529
4531 5228
NC_000954.1
1 17043
17329 28520
NC_000955.2
1 16189
16553 18777
NC_001849.2
1 3996
15332 15431
NC_000953.1
1 15124
27132 28069
NC_000952.1
14774 30800
