NC_001857.2	0	1000	148
NC_001857.2	1000	2000	75
NC_001857.2	2000	3000	14
NC_001857.2	3000	47000	0
NC_001857.2	47000	48000	5
NC_001857.2	48000	49000	0
NC_001857.2	49000	50000	10
NC_001857.2	50000	1522000	0
NC_000949.1	0	6000	0
NC_000949.1	6000	7000	305
NC_000949.1	7000	1522000	0
NC_000954.1	0	12000	0
NC_000954.1	12000	13000	65
NC_000954.1	13000	15000	0
NC_000954.1	15000	16000	41
NC_000954.1	16000	17000	0
NC_000954.1	17000	18000	31
NC_000954.1	18000	19000	204
NC_000954.1	19000	1522000	0
NC_001853.1	0	4000	0
NC_001853.1	4000	5000	173
NC_001853.1	5000	6000	193
NC_001853.1	6000	7000	35
NC_001853.1	7000	1522000	0
NC_001850.1	0	15000	0
NC_001850.1	15000	16000	13
NC_001850.1	16000	17000	26
NC_001850.1	17000	21000	0
NC_001850.1	21000	22000	48
NC_001850.1	22000	23000	0
NC_001850.1	23000	24000	16
NC_001850.1	24000	1522000	0
NC_000951.1	0	1000	347
NC_000951.1	1000	2000	25
NC_000951.1	2000	12000	0
NC_000951.1	12000	13000	77
NC_000951.1	13000	15000	0
NC_000951.1	15000	16000	28
NC_000951.1	16000	17000	0
NC_000951.1	17000	18000	147
NC_000951.1	18000	19000	11
NC_000951.1	19000	22000	0
NC_000951.1	22000	23000	235
NC_000951.1	23000	1522000	0
NC_000950.1	0	1000	385
NC_000950.1	1000	2000	40
NC_000950.1	2000	12000	0
NC_000950.1	12000	13000	94
NC_000950.1	13000	15000	0
NC_000950.1	15000	16000	117
NC_000950.1	16000	20000	0
NC_000950.1	20000	21000	10
NC_000950.1	21000	22000	2
NC_000950.1	22000	1522000	0
NC_000956.1	0	18000	0
NC_000956.1	18000	19000	69
NC_000956.1	19000	20000	46
NC_000956.1	20000	21000	61
NC_000956.1	21000	22000	200
NC_000956.1	22000	31000	0
NC_000956.1	31000	32000	139
NC_000956.1	32000	1522000	0
NC_001903.1	0	1000	510
NC_001903.1	1000	2000	240
NC_001903.1	2000	5000	0
NC_001903.1	5000	6000	75
NC_001903.1	6000	7000	216
NC_001903.1	7000	14000	0
NC_001903.1	14000	15000	198
NC_001903.1	15000	1522000	0
NC_001318.1	0	1000	111
NC_001318.1	1000	2000	122
NC_001318.1	2000	3000	89
NC_001318.1	3000	4000	122
NC_001318.1	4000	5000	167
NC_001318.1	5000	6000	79
NC_001318.1	6000	7000	149
NC_001318.1	7000	8000	162
NC_001318.1	8000	9000	132
NC_001318.1	9000	10000	130
NC_001318.1	10000	11000	51
NC_001318.1	11000	12000	127
NC_001318.1	12000	13000	138
NC_001318.1	13000	14000	87
NC_001318.1	14000	15000	113
NC_001318.1	15000	16000	89
NC_001318.1	16000	17000	141
NC_001318.1	17000	352000	0
NC_001318.1	352000	353000	181
NC_001318.1	353000	354000	166
NC_001318.1	354000	355000	119
NC_001318.1	355000	356000	113
NC_001318.1	356000	357000	144
NC_001318.1	357000	358000	104
NC_001318.1	358000	359000	118
NC_001318.1	359000	360000	104
NC_001318.1	360000	361000	102
NC_001318.1	361000	362000	124
NC_001318.1	362000	363000	121
NC_001318.1	363000	364000	121
NC_001318.1	364000	365000	139
NC_001318.1	365000	366000	100
NC_001318.1	366000	367000	102
NC_001318.1	367000	368000	116
NC_001318.1	368000	369000	160
NC_001318.1	369000	370000	129
NC_001318.1	370000	371000	107
NC_001318.1	371000	372000	116
NC_001318.1	372000	373000	117
NC_001318.1	373000	374000	132
NC_001318.1	374000	375000	88
NC_001318.1	375000	376000	149
NC_001318.1	376000	377000	63
NC_001318.1	377000	1522000	0
NC_001854.1	0	1000	0
NC_001854.1	1000	2000	38
NC_001854.1	2000	3000	144
NC_001854.1	3000	1522000	0
NC_001851.2	0	1000	0
NC_001851.2	1000	2000	10
NC_001851.2	2000	1522000	0
NC_001855.1	0	1000	23
NC_001855.1	1000	1522000	0
NC_000953.1	0	12000	0
NC_000953.1	12000	13000	80
NC_000953.1	13000	15000	0
NC_000953.1	15000	16000	55
NC_000953.1	16000	27000	0
NC_000953.1	27000	28000	35
NC_000953.1	28000	29000	48
NC_000953.1	29000	1522000	0
NC_001904.1	0	1000	87
NC_001904.1	1000	2000	4
NC_001904.1	2000	6000	0
NC_001904.1	6000	7000	62
NC_001904.1	7000	8000	23
NC_001904.1	8000	1522000	0
NC_000952.1	0	1000	648
NC_000952.1	1000	2000	106
NC_000952.1	2000	18000	0
NC_000952.1	18000	19000	265
NC_000952.1	19000	20000	0
NC_000952.1	20000	21000	72
NC_000952.1	21000	22000	100
NC_000952.1	22000	1522000	0
NC_000948.1	0	15000	0
NC_000948.1	15000	16000	54
NC_000948.1	16000	1522000	0
