NC_001853.1
1 1595
27578 28601
NC_000949.1
1 15113
17288 28227
NC_001855.1
2198 3759
23198 36849
NC_001318.1
903438 910724
NC_001854.1
24149 25238
25878 26168
NC_001904.1
1 217
2662 2815
5840 6051
9331 9386
NC_000948.1
1 18184
20833 30750
NC_001857.2
46465 47130
48399 49356
NC_001856.1
NC_000951.1
14786 15157
16661 18129
26214 29838
NC_000950.1
1 30299
NC_001850.1
1 2439
2441 3600
3602 6063
19548 21092
NC_000956.1
2393 25518
33808 52971
NC_001903.1
NC_001851.2
1 28155
NC_001852.1
1729 3152
4118 8845
8935 9363
18063 18360
18892 19124
NC_000957.1
1 4529
4531 5228
NC_000954.1
1 12078
13732 15287
16571 26166
27811 30651
NC_000955.2
3673 3733
4055 4237
4499 4624
4948 5072
5333 5395
5668 5980
6291 6477
6612 6672
7184 7305
7539 7599
7682 7807
7995 8177
8284 8344
8667 8792
9241 9406
9532 9655
9865 10049
10409 10534
10914 11161
11617 12302
12850 12910
13056 13179
13860 13920
14264 14576
NC_001849.2
332 2130
2677 4155
4258 4515
NC_000953.1
1 15067
16762 18157
22946 30885
NC_000952.1
1 17239
27922 30800
