NC_001853.1
27578 28601
NC_000949.1
1 16304
17863 20867
26772 30223
NC_001855.1
2198 3807
17088 19301
23198 34384
35482 36473
NC_001318.1
905068 905197
NC_001854.1
1 1626
24149 25238
25878 26168
26873 27323
NC_001904.1
1 217
2662 2815
5840 6051
9331 9386
NC_000948.1
1 1493
1995 30750
NC_001857.2
46465 49337
NC_001856.1
1 30312
30314 30402
30404 38829
NC_000951.1
1 1494
3027 4119
5231 15157
16490 17389
26217 29838
NC_000950.1
1 830
9401 15142
16431 17565
22194 30299
NC_001850.1
4830 6063
6065 9452
10843 21222
21238 21834
21838 24177
NC_000956.1
1 7082
7583 8858
9552 18688
20322 31839
34638 50243
50807 52971
NC_001903.1
NC_001851.2
1643 5404
5758 9848
10523 11926
15551 28155
NC_001852.1
4118 8845
8935 9742
23728 29355
NC_000957.1
1 4529
4531 5228
NC_000954.1
1 10239
10393 10461
14692 17771
22396 30651
NC_000955.2
3673 3733
3883 3945
4110 4229
4364 5052
5333 5395
5575 5826
6064 6248
6478 6603
6805 6992
7184 7557
7973 8033
8100 8446
9178 9364
9596 9946
10031 10093
10344 10408
10554 10616
10699 10824
10972 11157
11491 14606
18699 18777
NC_001849.2
1 3996
10187 10427
15332 15431
NC_000953.1
1 15141
16728 17002
17512 18141
22946 26855
29107 30885
NC_000952.1
14774 20376
20833 22778
26604 28365
29236 29573
30540 30800
