NC_001853.1
NC_000949.1
9435 15121
17371 18257
21310 23492
26833 27016
28103 28169
NC_001855.1
2198 3759
18946 19219
23198 36849
NC_001318.1
1 50
905027 910724
NC_001854.1
712 1626
24149 25238
25878 26343
26873 27323
NC_001904.1
NC_000948.1
1 30750
NC_001857.2
15805 16084
46465 49333
NC_001856.1
1 30312
30314 30402
30404 38829
NC_000951.1
1 25747
NC_000950.1
9401 15077
16426 18676
25357 30299
NC_001850.1
6327 9452
10843 21222
21238 21834
21838 24177
NC_000956.1
2393 18688
20232 25480
25556 26221
26704 26754
29892 52971
NC_001903.1
NC_001851.2
1 9848
10523 28155
NC_001852.1
4118 8845
8935 9742
18063 18360
18892 29766
NC_000957.1
1 1183
NC_000954.1
9453 22404
23132 28548
NC_000955.2
1 18777
NC_001849.2
1 2130
2677 3996
15332 15431
NC_000953.1
1 30885
NC_000952.1
14774 30800
