NC_001853.1
1 3913
26626 27273
27275 28601
NC_000949.1
1 15113
17288 30223
NC_001855.1
2198 36849
NC_001318.1
834 1067
37557 37764
73512 73602
165224 165607
167418 167714
168828 169160
194360 194551
219295 220016
238047 238971
253509 253565
260684 260733
329298 330398
345719 345880
346782 346936
395460 395770
404541 404813
435749 437496
439119 441431
506575 506708
546367 546865
553213 553503
565247 565786
604490 604859
611169 611556
633212 633386
643137 644135
696116 696227
758689 758781
776735 776996
778328 778695
790638 790870
822988 823220
902644 910724
NC_001854.1
1 1626
24149 25238
25878 27323
NC_001904.1
1 9386
NC_000948.1
1 30750
NC_001857.2
46465 49337
NC_001856.1
NC_000951.1
14786 27856
NC_000950.1
9406 9551
17269 21804
22166 22247
25908 28280
NC_001850.1
5800 6063
NC_000956.1
1 52971
NC_001903.1
NC_001851.2
1 1666
2110 28155
NC_001852.1
NC_000957.1
1 4529
4531 5228
NC_000954.1
1 18242
22409 28660
NC_000955.2
1 18777
NC_001849.2
1 1341
NC_000953.1
1 30885
NC_000952.1
1 18804
27922 30800
