NC_001857.2	0	1000	19
NC_001857.2	1000	1522000	0
NC_000949.1	0	3000	0
NC_000949.1	3000	4000	28
NC_000949.1	4000	15000	0
NC_000949.1	15000	16000	6
NC_000949.1	16000	17000	8
NC_000949.1	17000	1522000	0
NC_000954.1	0	1000	1
NC_000954.1	1000	14000	0
NC_000954.1	14000	15000	1
NC_000954.1	15000	1522000	0
NC_001853.1	0	1000	3
NC_001853.1	1000	1522000	0
NC_001850.1	0	1000	47
NC_001850.1	1000	1522000	0
NC_000951.1	0	1000	336
NC_000951.1	1000	2000	1
NC_000951.1	2000	8000	0
NC_000951.1	8000	9000	26
NC_000951.1	9000	1522000	0
NC_000955.2	0	1000	0
NC_000955.2	1000	2000	13
NC_000955.2	2000	3000	0
NC_000955.2	3000	4000	7
NC_000955.2	4000	5000	2
NC_000955.2	5000	6000	6
NC_000955.2	6000	7000	18
NC_000955.2	7000	8000	13
NC_000955.2	8000	9000	13
NC_000955.2	9000	10000	43
NC_000955.2	10000	11000	19
NC_000955.2	11000	12000	53
NC_000955.2	12000	13000	19
NC_000955.2	13000	14000	42
NC_000955.2	14000	15000	32
NC_000955.2	15000	1522000	0
NC_000950.1	0	11000	0
NC_000950.1	11000	12000	1
NC_000950.1	12000	14000	0
NC_000950.1	14000	15000	14
NC_000950.1	15000	1522000	0
NC_000956.1	0	1000	6
NC_000956.1	1000	2000	0
NC_000956.1	2000	3000	156
NC_000956.1	3000	4000	88
NC_000956.1	4000	26000	0
NC_000956.1	26000	27000	6
NC_000956.1	27000	33000	0
NC_000956.1	33000	34000	34
NC_000956.1	34000	36000	0
NC_000956.1	36000	37000	1
NC_000956.1	37000	1522000	0
NC_001903.1	0	9000	0
NC_001903.1	9000	10000	1
NC_001903.1	10000	1522000	0
NC_001318.1	0	1000	58
NC_001318.1	1000	1522000	0
NC_001854.1	0	1000	0
NC_001854.1	1000	2000	3
NC_001854.1	2000	1522000	0
NC_001851.2	0	1000	125
NC_001851.2	1000	25000	0
NC_001851.2	25000	26000	52
NC_001851.2	26000	1522000	0
NC_000953.1	0	11000	0
NC_000953.1	11000	12000	7
NC_000953.1	12000	18000	0
NC_000953.1	18000	19000	17
NC_000953.1	19000	20000	0
NC_000953.1	20000	21000	3
NC_000953.1	21000	27000	0
NC_000953.1	27000	28000	45
NC_000953.1	28000	29000	51
NC_000953.1	29000	1522000	0
NC_001904.1	0	1000	76
NC_001904.1	1000	2000	0
NC_001904.1	2000	3000	69
NC_001904.1	3000	4000	24
NC_001904.1	4000	5000	0
NC_001904.1	5000	6000	2
NC_001904.1	6000	7000	100
NC_001904.1	7000	1522000	0
NC_000952.1	0	1000	374
NC_000952.1	1000	2000	155
NC_000952.1	2000	15000	0
NC_000952.1	15000	16000	11
NC_000952.1	16000	17000	10
NC_000952.1	17000	18000	0
NC_000952.1	18000	19000	72
NC_000952.1	19000	20000	18
NC_000952.1	20000	27000	0
NC_000952.1	27000	28000	58
NC_000952.1	28000	29000	44
NC_000952.1	29000	1522000	0
