NC_001853.1
1 1633
NC_000949.1
NC_001855.1
34503 34650
35526 36849
NC_001318.1
NC_001854.1
1 1051
NC_001904.1
1 217
2662 2815
5840 6051
9331 9386
NC_000948.1
1 19095
19633 20297
22972 30750
NC_001857.2
NC_001856.1
NC_000951.1
NC_000950.1
NC_001850.1
NC_000956.1
514 664
1909 2360
8631 20069
21691 22758
23297 24415
33808 36871
51363 52971
NC_001903.1
NC_001851.2
NC_001852.1
NC_000957.1
1 4529
4531 5228
NC_000954.1
NC_000955.2
3673 4107
4301 4424
4794 4854
5044 12302
12850 13937
14264 14441
NC_001849.2
NC_000953.1
5078 11092
12044 23153
NC_000952.1
20822 27856
