NC_001857.2	0	1000	7
NC_001857.2	1000	1522000	0
NC_000954.1	0	16000	0
NC_000954.1	16000	17000	2
NC_000954.1	17000	1522000	0
NC_001853.1	0	1000	2
NC_001853.1	1000	1522000	0
NC_001903.1	0	1000	3
NC_001903.1	1000	1522000	0
NC_001318.1	0	1000	42
NC_001318.1	1000	2000	16
NC_001318.1	2000	441000	0
NC_001318.1	441000	442000	3
NC_001318.1	442000	481000	0
NC_001318.1	481000	482000	28
NC_001318.1	482000	1522000	0
NC_001851.2	0	1000	124
NC_001851.2	1000	25000	0
NC_001851.2	25000	26000	37
NC_001851.2	26000	1522000	0
NC_001852.1	0	1000	3
NC_001852.1	1000	1522000	0
NC_000948.1	0	1000	142
NC_000948.1	1000	22000	0
NC_000948.1	22000	23000	67
NC_000948.1	23000	24000	198
NC_000948.1	24000	1522000	0
