NC_001853.1
27578 28601
NC_000949.1
6082 16421
17171 18258
18497 20855
26772 30223
NC_001855.1
2198 3807
17088 19301
23198 34384
35482 36849
NC_001318.1
905068 905197
910647 910724
NC_001854.1
1 1626
24149 25238
25878 26168
26873 27323
NC_001904.1
1 9386
NC_000948.1
1 18092
18680 30750
NC_001857.2
46465 49337
NC_001856.1
1 30312
30314 30402
30404 38829
NC_000951.1
9445 15157
16490 17389
20802 29838
NC_000950.1
1 830
9401 15142
16431 17565
22194 22247
22579 30299
NC_001850.1
4830 6063
6065 9452
10843 21222
21238 21834
21838 24177
NC_000956.1
467 18688
20322 28818
29529 31830
36936 50243
50807 52971
NC_001903.1
NC_001851.2
1 1666
1946 9848
10523 11926
15551 28155
NC_001852.1
4118 8845
8935 9742
23728 29355
NC_000957.1
1 4529
4531 5228
NC_000954.1
1 17771
22396 22923
27155 30651
NC_000955.2
1 14359
NC_001849.2
1 3996
10187 10427
15332 15431
NC_000953.1
1 15141
15670 16424
17165 20338
23335 24967
27010 27491
29107 30885
NC_000952.1
9957 28121
30540 30800
