NC_001857.2	0	1000	12
NC_001857.2	1000	1522000	0
NC_000949.1	0	1000	134
NC_000949.1	1000	17000	0
NC_000949.1	17000	18000	1
NC_000949.1	18000	1522000	0
NC_000954.1	0	5000	0
NC_000954.1	5000	6000	2
NC_000954.1	6000	1522000	0
NC_001853.1	0	1000	0
NC_001853.1	1000	2000	2
NC_001853.1	2000	1522000	0
NC_001850.1	0	1000	86
NC_001850.1	1000	1522000	0
NC_000951.1	0	1000	0
NC_000951.1	1000	2000	152
NC_000951.1	2000	3000	281
NC_000951.1	3000	6000	0
NC_000951.1	6000	7000	68
NC_000951.1	7000	18000	0
NC_000951.1	18000	19000	40
NC_000951.1	19000	1522000	0
NC_000955.2	0	1000	0
NC_000955.2	1000	2000	19
NC_000955.2	2000	3000	0
NC_000955.2	3000	4000	4
NC_000955.2	4000	5000	10
NC_000955.2	5000	6000	12
NC_000955.2	6000	7000	17
NC_000955.2	7000	8000	15
NC_000955.2	8000	9000	13
NC_000955.2	9000	10000	42
NC_000955.2	10000	11000	18
NC_000955.2	11000	12000	36
NC_000955.2	12000	13000	19
NC_000955.2	13000	14000	55
NC_000955.2	14000	15000	27
NC_000955.2	15000	1522000	0
NC_000950.1	0	5000	0
NC_000950.1	5000	6000	5
NC_000950.1	6000	21000	0
NC_000950.1	21000	22000	16
NC_000950.1	22000	1522000	0
NC_000956.1	0	2000	0
NC_000956.1	2000	3000	46
NC_000956.1	3000	33000	0
NC_000956.1	33000	34000	42
NC_000956.1	34000	1522000	0
NC_001849.2	0	1000	1
NC_001849.2	1000	1522000	0
NC_001318.1	0	1000	66
NC_001318.1	1000	1522000	0
NC_001854.1	0	1000	0
NC_001854.1	1000	2000	3
NC_001854.1	2000	1522000	0
NC_001851.2	0	1000	124
NC_001851.2	1000	25000	0
NC_001851.2	25000	26000	57
NC_001851.2	26000	1522000	0
NC_000953.1	0	22000	0
NC_000953.1	22000	23000	133
NC_000953.1	23000	27000	0
NC_000953.1	27000	28000	45
NC_000953.1	28000	29000	51
NC_000953.1	29000	1522000	0
NC_001904.1	0	1000	76
NC_001904.1	1000	2000	0
NC_001904.1	2000	3000	69
NC_001904.1	3000	4000	26
NC_001904.1	4000	5000	0
NC_001904.1	5000	6000	2
NC_001904.1	6000	7000	100
NC_001904.1	7000	1522000	0
NC_000952.1	0	1000	802
NC_000952.1	1000	2000	360
NC_000952.1	2000	27000	0
NC_000952.1	27000	28000	58
NC_000952.1	28000	29000	44
NC_000952.1	29000	1522000	0
NC_000948.1	0	1000	160
NC_000948.1	1000	11000	0
NC_000948.1	11000	12000	16
NC_000948.1	12000	17000	0
NC_000948.1	17000	18000	122
NC_000948.1	18000	1522000	0
