NC_001853.1
393 1595
27578 28601
NC_000949.1
1 28227
NC_001855.1
2198 3759
23198 36849
NC_001318.1
4743 4955
33428 33653
77122 77425
87847 87936
99237 99298
119984 120167
154946 155288
156147 156402
222104 222586
246386 246500
254609 254747
402600 402870
526491 526784
636286 636833
643177 644406
692259 692490
764083 764255
814117 814277
819500 819730
823030 823209
840980 841241
857462 857612
900459 903437
905811 910724
NC_001854.1
24149 25238
25878 26168
NC_001904.1
3208 3837
4945 5273
6636 6910
NC_000948.1
1 15141
16632 18815
22335 22388
26289 30750
NC_001857.2
46465 47130
48387 49337
NC_001856.1
NC_000951.1
14786 15139
26214 27856
NC_000950.1
1 22210
25337 30299
NC_001850.1
1 2439
2441 3600
3602 6063
NC_000956.1
2393 20838
29894 52971
NC_001903.1
NC_001851.2
1 9935
10523 12120
15539 28155
NC_001852.1
1729 3152
4107 8845
8935 9363
NC_000957.1
NC_000954.1
1 26166
27811 30651
NC_000955.2
1 18777
NC_001849.2
332 2130
2677 4155
4258 4515
NC_000953.1
1 30885
NC_000952.1
1 17239
26233 30800
