NC_001857.2	0	1000	7
NC_001857.2	1000	1522000	0
NC_000954.1	0	1000	2
NC_000954.1	1000	1522000	0
NC_001856.1	0	1000	2
NC_001856.1	1000	1522000	0
NC_000951.1	0	1000	348
NC_000951.1	1000	2000	139
NC_000951.1	2000	1522000	0
NC_000956.1	0	1000	1
NC_000956.1	1000	1522000	0
NC_001903.1	0	1000	3
NC_001903.1	1000	1522000	0
NC_001318.1	0	1000	42
NC_001318.1	1000	2000	46
NC_001318.1	2000	1522000	0
NC_001851.2	0	4000	0
NC_001851.2	4000	5000	108
NC_001851.2	5000	1522000	0
NC_000953.1	0	27000	0
NC_000953.1	27000	28000	45
NC_000953.1	28000	29000	51
NC_000953.1	29000	1522000	0
NC_000948.1	0	1000	157
NC_000948.1	1000	17000	0
NC_000948.1	17000	18000	70
NC_000948.1	18000	22000	0
NC_000948.1	22000	23000	67
NC_000948.1	23000	24000	198
NC_000948.1	24000	1522000	0
