NC_001857.2	0	1000	240
NC_001857.2	1000	49000	0
NC_001857.2	49000	50000	12
NC_001857.2	50000	1522000	0
NC_000956.1	0	10000	0
NC_000956.1	10000	11000	4
NC_000956.1	11000	18000	0
NC_000956.1	18000	19000	42
NC_000956.1	19000	20000	0
NC_000956.1	20000	21000	65
NC_000956.1	21000	22000	166
NC_000956.1	22000	27000	0
NC_000956.1	27000	28000	6
NC_000956.1	28000	1522000	0
NC_000954.1	0	5000	0
NC_000954.1	5000	6000	3
NC_000954.1	6000	12000	0
NC_000954.1	12000	13000	66
NC_000954.1	13000	15000	0
NC_000954.1	15000	16000	44
NC_000954.1	16000	17000	0
NC_000954.1	17000	18000	19
NC_000954.1	18000	19000	103
NC_000954.1	19000	28000	0
NC_000954.1	28000	29000	18
NC_000954.1	29000	1522000	0
NC_001856.1	0	1000	82
NC_001856.1	1000	10000	0
NC_001856.1	10000	11000	166
NC_001856.1	11000	31000	0
NC_001856.1	31000	32000	94
NC_001856.1	32000	33000	0
NC_001856.1	33000	34000	51
NC_001856.1	34000	1522000	0
NC_001849.2	0	1000	0
NC_001849.2	1000	2000	33
NC_001849.2	2000	3000	34
NC_001849.2	3000	4000	0
NC_001849.2	4000	5000	154
NC_001849.2	5000	6000	21
NC_001849.2	6000	1522000	0
NC_001850.1	0	6000	0
NC_001850.1	6000	7000	164
NC_001850.1	7000	21000	0
NC_001850.1	21000	22000	53
NC_001850.1	22000	23000	0
NC_001850.1	23000	24000	16
NC_001850.1	24000	1522000	0
NC_000951.1	0	1000	3
NC_000951.1	1000	2000	12
NC_000951.1	2000	18000	0
NC_000951.1	18000	19000	11
NC_000951.1	19000	24000	0
NC_000951.1	24000	25000	23
NC_000951.1	25000	1522000	0
NC_001903.1	0	1000	330
NC_001903.1	1000	25000	0
NC_001903.1	25000	26000	2
NC_001903.1	26000	1522000	0
NC_000950.1	0	8000	0
NC_000950.1	8000	9000	18
NC_000950.1	9000	11000	0
NC_000950.1	11000	12000	27
NC_000950.1	12000	13000	101
NC_000950.1	13000	15000	0
NC_000950.1	15000	16000	52
NC_000950.1	16000	20000	0
NC_000950.1	20000	21000	10
NC_000950.1	21000	22000	27
NC_000950.1	22000	23000	49
NC_000950.1	23000	1522000	0
NC_000949.1	0	6000	0
NC_000949.1	6000	7000	99
NC_000949.1	7000	25000	0
NC_000949.1	25000	26000	26
NC_000949.1	26000	27000	3
NC_000949.1	27000	1522000	0
NC_001855.1	0	1000	23
NC_001855.1	1000	3000	0
NC_001855.1	3000	4000	68
NC_001855.1	4000	5000	103
NC_001855.1	5000	27000	0
NC_001855.1	27000	28000	49
NC_001855.1	28000	29000	0
NC_001855.1	29000	30000	5
NC_001855.1	30000	32000	0
NC_001855.1	32000	33000	23
NC_001855.1	33000	34000	9
NC_001855.1	34000	1522000	0
NC_001318.1	0	1000	245
NC_001318.1	1000	2000	311
NC_001318.1	2000	3000	294
NC_001318.1	3000	4000	304
NC_001318.1	4000	5000	160
NC_001318.1	5000	6000	296
NC_001318.1	6000	7000	283
NC_001318.1	7000	8000	331
NC_001318.1	8000	9000	309
NC_001318.1	9000	10000	297
NC_001318.1	10000	11000	280
NC_001318.1	11000	12000	256
NC_001318.1	12000	13000	287
NC_001318.1	13000	14000	283
NC_001318.1	14000	15000	299
NC_001318.1	15000	16000	284
NC_001318.1	16000	17000	273
NC_001318.1	17000	18000	310
NC_001318.1	18000	19000	9
NC_001318.1	19000	1522000	0
NC_001854.1	0	1000	0
NC_001854.1	1000	2000	38
NC_001854.1	2000	4000	0
NC_001854.1	4000	5000	169
NC_001854.1	5000	6000	40
NC_001854.1	6000	1522000	0
NC_001851.2	0	1000	0
NC_001851.2	1000	2000	10
NC_001851.2	2000	3000	0
NC_001851.2	3000	4000	13
NC_001851.2	4000	1522000	0
NC_000953.1	0	1000	0
NC_000953.1	1000	2000	109
NC_000953.1	2000	3000	204
NC_000953.1	3000	7000	0
NC_000953.1	7000	8000	11
NC_000953.1	8000	10000	0
NC_000953.1	10000	11000	117
NC_000953.1	11000	12000	0
NC_000953.1	12000	13000	25
NC_000953.1	13000	17000	0
NC_000953.1	17000	18000	2
NC_000953.1	18000	1522000	0
NC_001852.1	0	1000	268
NC_001852.1	1000	19000	0
NC_001852.1	19000	20000	308
NC_001852.1	20000	21000	4
NC_001852.1	21000	1522000	0
NC_000952.1	0	3000	0
NC_000952.1	3000	4000	46
NC_000952.1	4000	8000	0
NC_000952.1	8000	9000	16
NC_000952.1	9000	19000	0
NC_000952.1	19000	20000	55
NC_000952.1	20000	21000	155
NC_000952.1	21000	22000	28
NC_000952.1	22000	28000	0
NC_000952.1	28000	29000	25
NC_000952.1	29000	1522000	0
NC_001904.1	0	1000	29
NC_001904.1	1000	2000	27
NC_001904.1	2000	6000	0
NC_001904.1	6000	7000	25
NC_001904.1	7000	1522000	0
