NC_001857.2	0	1000	8
NC_001857.2	1000	1522000	0
NC_000949.1	0	1000	7
NC_000949.1	1000	17000	0
NC_000949.1	17000	18000	1
NC_000949.1	18000	1522000	0
NC_000954.1	0	1000	14
NC_000954.1	1000	5000	0
NC_000954.1	5000	6000	4
NC_000954.1	6000	1522000	0
NC_001856.1	0	1000	2
NC_001856.1	1000	1522000	0
NC_001853.1	0	1000	0
NC_001853.1	1000	2000	5
NC_001853.1	2000	1522000	0
NC_001850.1	0	1000	10
NC_001850.1	1000	1522000	0
NC_000951.1	0	1000	0
NC_000951.1	1000	2000	152
NC_000951.1	2000	3000	287
NC_000951.1	3000	1522000	0
NC_001903.1	0	2000	0
NC_001903.1	2000	3000	12
NC_001903.1	3000	1522000	0
NC_000950.1	0	1000	7
NC_000950.1	1000	3000	0
NC_000950.1	3000	4000	7
NC_000950.1	4000	8000	0
NC_000950.1	8000	9000	2
NC_000950.1	9000	1522000	0
NC_000956.1	0	2000	0
NC_000956.1	2000	3000	1
NC_000956.1	3000	13000	0
NC_000956.1	13000	14000	38
NC_000956.1	14000	1522000	0
NC_001855.1	0	1000	1
NC_001855.1	1000	1522000	0
NC_001318.1	0	1000	95
NC_001318.1	1000	1522000	0
NC_001854.1	0	1000	3
NC_001854.1	1000	1522000	0
NC_001851.2	0	1000	10
NC_001851.2	1000	26000	0
NC_001851.2	26000	27000	15
NC_001851.2	27000	1522000	0
NC_000953.1	0	27000	0
NC_000953.1	27000	28000	45
NC_000953.1	28000	29000	109
NC_000953.1	29000	1522000	0
NC_001852.1	0	1000	2
NC_001852.1	1000	1522000	0
NC_000952.1	0	1000	366
NC_000952.1	1000	2000	167
NC_000952.1	2000	1522000	0
