NC_001853.1
1 2245
27044 27273
27275 27996
28231 28601
NC_000949.1
1 16229
17167 22813
23431 26105
28132 30223
NC_001855.1
620 1425
5723 6074
7557 7798
22443 23084
35482 36849
NC_001318.1
438347 441591
556847 556954
905068 905331
910295 910724
NC_001854.1
1 958
1204 1862
7385 7870
24149 25238
25878 27323
NC_001904.1
1 217
2662 2815
5840 6051
9331 9386
NC_000948.1
1 20632
23133 26077
26202 30750
NC_001857.2
15805 16073
47327 47425
NC_001856.1
1 775
38726 38829
NC_000951.1
17256 17716
26475 28473
28992 29838
NC_000950.1
14720 15142
16696 18661
19191 20411
22194 25916
28550 30299
NC_001850.1
4830 6063
24103 24177
NC_000956.1
1 24356
24596 25518
36936 51819
NC_001903.1
NC_001851.2
1891 2405
2498 6928
8178 8920
9778 10555
15460 28155
NC_001852.1
1 548
1729 3424
4049 7781
28216 28302
NC_000957.1
1 1151
2952 4529
4531 5228
NC_000954.1
1 5404
6670 26166
27811 28653
28950 30651
NC_000955.2
1 1061
3714 12302
12554 12679
13056 13116
13295 13355
13726 13912
14453 14569
NC_001849.2
1 2278
4286 4637
13197 13280
NC_000953.1
1 12527
13592 15141
16830 16916
22901 24003
24785 26855
NC_000952.1
11687 22893
27862 28225
28832 30800
