NC_001853.1
1 3913
26626 27273
27275 28601
NC_000949.1
1 15113
17288 21396
22222 30223
NC_001855.1
2198 36849
NC_001318.1
903438 910724
NC_001854.1
1 1626
24149 25238
25878 27323
NC_001904.1
1 9386
NC_000948.1
1 30750
NC_001857.2
46465 49337
NC_001856.1
NC_000951.1
14786 29838
NC_000950.1
1 9551
17269 21804
22166 22247
25908 30299
NC_001850.1
5800 6063
NC_000956.1
1 18622
19977 25518
29887 30928
36936 52971
NC_001903.1
NC_001851.2
1 1666
2110 28155
NC_001852.1
NC_000957.1
1 4529
4531 5228
NC_000954.1
9414 18242
22409 30651
NC_000955.2
1 18777
NC_001849.2
1 1341
NC_000953.1
1 26855
27428 27873
NC_000952.1
1 22292
27922 30800
