NC_001857.2	0	1000	8
NC_001857.2	1000	1522000	0
NC_000949.1	0	1000	4
NC_000949.1	1000	12000	0
NC_000949.1	12000	13000	102
NC_000949.1	13000	17000	0
NC_000949.1	17000	18000	2
NC_000949.1	18000	1522000	0
NC_000954.1	0	1000	13
NC_000954.1	1000	5000	0
NC_000954.1	5000	6000	3
NC_000954.1	6000	11000	0
NC_000954.1	11000	12000	3
NC_000954.1	12000	1522000	0
NC_001856.1	0	1000	2
NC_001856.1	1000	1522000	0
NC_001853.1	0	1000	0
NC_001853.1	1000	2000	5
NC_001853.1	2000	1522000	0
NC_001850.1	0	1000	10
NC_001850.1	1000	1522000	0
NC_000951.1	0	1000	291
NC_000951.1	1000	3000	0
NC_000951.1	3000	4000	2
NC_000951.1	4000	6000	0
NC_000951.1	6000	7000	23
NC_000951.1	7000	1522000	0
NC_001903.1	0	1000	1
NC_001903.1	1000	10000	0
NC_001903.1	10000	11000	12
NC_001903.1	11000	1522000	0
NC_000950.1	0	1000	15
NC_000950.1	1000	1522000	0
NC_000956.1	0	2000	0
NC_000956.1	2000	3000	1
NC_000956.1	3000	10000	0
NC_000956.1	10000	11000	2
NC_000956.1	11000	15000	0
NC_000956.1	15000	16000	2
NC_000956.1	16000	17000	2
NC_000956.1	17000	18000	82
NC_000956.1	18000	1522000	0
NC_001855.1	0	1000	1
NC_001855.1	1000	1522000	0
NC_001318.1	0	1000	82
NC_001318.1	1000	1522000	0
NC_001854.1	0	1000	6
NC_001854.1	1000	1522000	0
NC_001851.2	0	1000	2
NC_001851.2	1000	22000	0
NC_001851.2	22000	23000	39
NC_001851.2	23000	25000	0
NC_001851.2	25000	26000	16
NC_001851.2	26000	27000	18
NC_001851.2	27000	1522000	0
NC_000953.1	0	1000	168
NC_000953.1	1000	12000	0
NC_000953.1	12000	13000	302
NC_000953.1	13000	14000	19
NC_000953.1	14000	22000	0
NC_000953.1	22000	23000	111
NC_000953.1	23000	27000	0
NC_000953.1	27000	28000	45
NC_000953.1	28000	29000	123
NC_000953.1	29000	1522000	0
NC_001852.1	0	1000	2
NC_001852.1	1000	1522000	0
NC_000952.1	0	1000	178
NC_000952.1	1000	6000	0
NC_000952.1	6000	7000	289
NC_000952.1	7000	8000	47
NC_000952.1	8000	18000	0
NC_000952.1	18000	19000	72
NC_000952.1	19000	20000	219
NC_000952.1	20000	1522000	0
