NC_001318.1	0	1000	22
NC_001318.1	1000	2000	28
NC_001318.1	2000	3000	29
NC_001318.1	3000	4000	23
NC_001318.1	4000	5000	27
NC_001318.1	5000	6000	30
NC_001318.1	6000	7000	30
NC_001318.1	7000	8000	28
NC_001318.1	8000	9000	26
NC_001318.1	9000	10000	25
NC_001318.1	10000	11000	27
NC_001318.1	11000	12000	27
NC_001318.1	12000	13000	22
NC_001318.1	13000	14000	28
NC_001318.1	14000	15000	28
NC_001318.1	15000	16000	27
NC_001318.1	16000	17000	28
NC_001318.1	17000	18000	28
NC_001318.1	18000	19000	29
NC_001318.1	19000	20000	30
NC_001318.1	20000	21000	27
NC_001318.1	21000	22000	35
NC_001318.1	22000	23000	26
NC_001318.1	23000	24000	30
NC_001318.1	24000	25000	33
NC_001318.1	25000	26000	29
NC_001318.1	26000	27000	28
NC_001318.1	27000	28000	27
NC_001318.1	28000	29000	26
NC_001318.1	29000	30000	26
NC_001318.1	30000	31000	24
NC_001318.1	31000	32000	30
NC_001318.1	32000	33000	23
NC_001318.1	33000	34000	32
NC_001318.1	34000	35000	30
NC_001318.1	35000	36000	27
NC_001318.1	36000	37000	27
NC_001318.1	37000	38000	25
NC_001318.1	38000	39000	26
NC_001318.1	39000	40000	24
NC_001318.1	40000	41000	25
NC_001318.1	41000	42000	27
NC_001318.1	42000	43000	26
NC_001318.1	43000	44000	26
NC_001318.1	44000	45000	24
NC_001318.1	45000	46000	26
NC_001318.1	46000	47000	30
NC_001318.1	47000	48000	27
NC_001318.1	48000	49000	25
NC_001318.1	49000	50000	27
NC_001318.1	50000	51000	29
NC_001318.1	51000	52000	35
NC_001318.1	52000	53000	36
NC_001318.1	53000	54000	30
NC_001318.1	54000	55000	27
NC_001318.1	55000	56000	28
NC_001318.1	56000	57000	27
NC_001318.1	57000	58000	25
NC_001318.1	58000	59000	29
NC_001318.1	59000	60000	30
NC_001318.1	60000	61000	29
NC_001318.1	61000	62000	29
NC_001318.1	62000	63000	30
NC_001318.1	63000	64000	26
NC_001318.1	64000	65000	30
NC_001318.1	65000	66000	31
NC_001318.1	66000	67000	24
NC_001318.1	67000	68000	22
NC_001318.1	68000	69000	25
NC_001318.1	69000	70000	25
NC_001318.1	70000	71000	30
NC_001318.1	71000	72000	24
NC_001318.1	72000	73000	24
NC_001318.1	73000	74000	25
NC_001318.1	74000	75000	24
NC_001318.1	75000	76000	22
NC_001318.1	76000	77000	24
NC_001318.1	77000	78000	23
NC_001318.1	78000	79000	28
NC_001318.1	79000	80000	24
NC_001318.1	80000	81000	24
NC_001318.1	81000	82000	28
NC_001318.1	82000	83000	31
NC_001318.1	83000	84000	31
NC_001318.1	84000	85000	33
NC_001318.1	85000	86000	29
NC_001318.1	86000	87000	25
NC_001318.1	87000	88000	34
NC_001318.1	88000	89000	27
NC_001318.1	89000	90000	28
NC_001318.1	90000	91000	36
NC_001318.1	91000	92000	34
NC_001318.1	92000	93000	33
NC_001318.1	93000	94000	29
NC_001318.1	94000	95000	27
NC_001318.1	95000	96000	28
NC_001318.1	96000	97000	23
NC_001318.1	97000	98000	28
NC_001318.1	98000	99000	25
NC_001318.1	99000	100000	30
NC_001318.1	100000	101000	25
NC_001318.1	101000	102000	27
NC_001318.1	102000	103000	34
NC_001318.1	103000	104000	32
NC_001318.1	104000	105000	22
NC_001318.1	105000	106000	27
NC_001318.1	106000	107000	29
NC_001318.1	107000	108000	34
NC_001318.1	108000	109000	24
NC_001318.1	109000	110000	27
NC_001318.1	110000	111000	29
NC_001318.1	111000	112000	28
NC_001318.1	112000	113000	29
NC_001318.1	113000	114000	33
NC_001318.1	114000	115000	29
NC_001318.1	115000	116000	28
NC_001318.1	116000	117000	28
NC_001318.1	117000	118000	27
NC_001318.1	118000	119000	28
NC_001318.1	119000	120000	30
NC_001318.1	120000	121000	28
NC_001318.1	121000	122000	28
NC_001318.1	122000	123000	29
NC_001318.1	123000	124000	30
NC_001318.1	124000	125000	28
NC_001318.1	125000	126000	24
NC_001318.1	126000	127000	32
NC_001318.1	127000	128000	34
NC_001318.1	128000	129000	26
NC_001318.1	129000	130000	29
NC_001318.1	130000	131000	28
NC_001318.1	131000	132000	26
NC_001318.1	132000	133000	25
NC_001318.1	133000	134000	27
NC_001318.1	134000	135000	29
NC_001318.1	135000	136000	27
NC_001318.1	136000	137000	32
NC_001318.1	137000	138000	28
NC_001318.1	138000	139000	26
NC_001318.1	139000	140000	31
NC_001318.1	140000	141000	29
NC_001318.1	141000	142000	32
NC_001318.1	142000	143000	30
NC_001318.1	143000	144000	28
NC_001318.1	144000	145000	26
NC_001318.1	145000	146000	32
NC_001318.1	146000	147000	24
NC_001318.1	147000	148000	30
NC_001318.1	148000	149000	33
NC_001318.1	149000	150000	29
NC_001318.1	150000	151000	28
NC_001318.1	151000	152000	35
NC_001318.1	152000	153000	30
NC_001318.1	153000	154000	29
NC_001318.1	154000	155000	33
NC_001318.1	155000	156000	32
NC_001318.1	156000	157000	29
NC_001318.1	157000	158000	23
NC_001318.1	158000	159000	26
NC_001318.1	159000	160000	25
NC_001318.1	160000	161000	23
NC_001318.1	161000	162000	24
NC_001318.1	162000	163000	26
NC_001318.1	163000	164000	28
NC_001318.1	164000	165000	23
NC_001318.1	165000	166000	26
NC_001318.1	166000	167000	30
NC_001318.1	167000	168000	25
NC_001318.1	168000	169000	28
NC_001318.1	169000	170000	25
NC_001318.1	170000	171000	27
NC_001318.1	171000	172000	26
NC_001318.1	172000	173000	26
NC_001318.1	173000	174000	28
NC_001318.1	174000	175000	26
NC_001318.1	175000	176000	29
NC_001318.1	176000	177000	25
NC_001318.1	177000	178000	30
NC_001318.1	178000	179000	33
NC_001318.1	179000	180000	26
NC_001318.1	180000	181000	35
NC_001318.1	181000	182000	31
NC_001318.1	182000	183000	28
NC_001318.1	183000	184000	30
NC_001318.1	184000	185000	32
NC_001318.1	185000	186000	31
NC_001318.1	186000	187000	30
NC_001318.1	187000	188000	26
NC_001318.1	188000	189000	26
NC_001318.1	189000	190000	28
NC_001318.1	190000	191000	22
NC_001318.1	191000	192000	23
NC_001318.1	192000	193000	28
NC_001318.1	193000	194000	25
NC_001318.1	194000	195000	30
NC_001318.1	195000	196000	28
NC_001318.1	196000	197000	30
NC_001318.1	197000	198000	27
NC_001318.1	198000	199000	20
NC_001318.1	199000	200000	21
NC_001318.1	200000	201000	30
NC_001318.1	201000	202000	30
NC_001318.1	202000	203000	28
NC_001318.1	203000	204000	29
NC_001318.1	204000	205000	28
NC_001318.1	205000	206000	29
NC_001318.1	206000	207000	27
NC_001318.1	207000	208000	26
NC_001318.1	208000	209000	24
NC_001318.1	209000	210000	27
NC_001318.1	210000	211000	22
NC_001318.1	211000	212000	26
NC_001318.1	212000	213000	27
NC_001318.1	213000	214000	33
NC_001318.1	214000	215000	31
NC_001318.1	215000	216000	28
NC_001318.1	216000	217000	24
NC_001318.1	217000	218000	20
NC_001318.1	218000	219000	25
NC_001318.1	219000	220000	29
NC_001318.1	220000	221000	27
NC_001318.1	221000	222000	30
NC_001318.1	222000	223000	28
NC_001318.1	223000	224000	31
NC_001318.1	224000	225000	34
NC_001318.1	225000	226000	31
NC_001318.1	226000	227000	30
NC_001318.1	227000	228000	28
NC_001318.1	228000	229000	24
NC_001318.1	229000	230000	28
NC_001318.1	230000	231000	30
NC_001318.1	231000	232000	26
NC_001318.1	232000	233000	26
NC_001318.1	233000	234000	25
NC_001318.1	234000	235000	28
NC_001318.1	235000	236000	29
NC_001318.1	236000	237000	31
NC_001318.1	237000	238000	28
NC_001318.1	238000	239000	21
NC_001318.1	239000	240000	27
NC_001318.1	240000	241000	30
NC_001318.1	241000	242000	31
NC_001318.1	242000	243000	28
NC_001318.1	243000	244000	30
NC_001318.1	244000	245000	27
NC_001318.1	245000	246000	24
NC_001318.1	246000	247000	33
NC_001318.1	247000	248000	38
NC_001318.1	248000	249000	27
NC_001318.1	249000	250000	30
NC_001318.1	250000	251000	27
NC_001318.1	251000	252000	33
NC_001318.1	252000	253000	22
NC_001318.1	253000	254000	24
NC_001318.1	254000	255000	29
NC_001318.1	255000	256000	27
NC_001318.1	256000	257000	32
NC_001318.1	257000	258000	33
NC_001318.1	258000	259000	28
NC_001318.1	259000	260000	26
NC_001318.1	260000	261000	27
NC_001318.1	261000	262000	31
NC_001318.1	262000	263000	32
NC_001318.1	263000	264000	26
NC_001318.1	264000	265000	25
NC_001318.1	265000	266000	26
NC_001318.1	266000	267000	28
NC_001318.1	267000	268000	31
NC_001318.1	268000	269000	30
NC_001318.1	269000	270000	22
NC_001318.1	270000	271000	27
NC_001318.1	271000	272000	26
NC_001318.1	272000	273000	24
NC_001318.1	273000	274000	25
NC_001318.1	274000	275000	24
NC_001318.1	275000	276000	30
NC_001318.1	276000	277000	22
NC_001318.1	277000	278000	28
NC_001318.1	278000	279000	30
NC_001318.1	279000	280000	26
NC_001318.1	280000	281000	33
NC_001318.1	281000	282000	29
NC_001318.1	282000	283000	30
NC_001318.1	283000	284000	29
NC_001318.1	284000	285000	32
NC_001318.1	285000	286000	33
NC_001318.1	286000	287000	31
NC_001318.1	287000	288000	25
NC_001318.1	288000	289000	29
NC_001318.1	289000	290000	28
NC_001318.1	290000	291000	33
NC_001318.1	291000	292000	30
NC_001318.1	292000	293000	33
NC_001318.1	293000	294000	33
NC_001318.1	294000	295000	35
NC_001318.1	295000	296000	26
NC_001318.1	296000	297000	25
NC_001318.1	297000	298000	27
NC_001318.1	298000	299000	31
NC_001318.1	299000	300000	33
NC_001318.1	300000	301000	36
NC_001318.1	301000	302000	32
NC_001318.1	302000	303000	32
NC_001318.1	303000	304000	30
NC_001318.1	304000	305000	30
NC_001318.1	305000	306000	33
NC_001318.1	306000	307000	28
NC_001318.1	307000	308000	32
NC_001318.1	308000	309000	37
NC_001318.1	309000	310000	34
NC_001318.1	310000	311000	27
NC_001318.1	311000	312000	29
NC_001318.1	312000	313000	29
NC_001318.1	313000	314000	28
NC_001318.1	314000	315000	27
NC_001318.1	315000	316000	26
NC_001318.1	316000	317000	22
NC_001318.1	317000	318000	24
NC_001318.1	318000	319000	26
NC_001318.1	319000	320000	28
NC_001318.1	320000	321000	26
NC_001318.1	321000	322000	22
NC_001318.1	322000	323000	23
NC_001318.1	323000	324000	27
NC_001318.1	324000	325000	26
NC_001318.1	325000	326000	28
NC_001318.1	326000	327000	23
NC_001318.1	327000	328000	22
NC_001318.1	328000	329000	31
NC_001318.1	329000	330000	28
NC_001318.1	330000	331000	25
NC_001318.1	331000	332000	27
NC_001318.1	332000	333000	29
NC_001318.1	333000	334000	29
NC_001318.1	334000	335000	25
NC_001318.1	335000	336000	31
NC_001318.1	336000	337000	30
NC_001318.1	337000	338000	32
NC_001318.1	338000	339000	30
NC_001318.1	339000	340000	29
NC_001318.1	340000	341000	27
NC_001318.1	341000	342000	30
NC_001318.1	342000	343000	31
NC_001318.1	343000	344000	31
NC_001318.1	344000	345000	26
NC_001318.1	345000	346000	36
NC_001318.1	346000	347000	32
NC_001318.1	347000	348000	28
NC_001318.1	348000	349000	30
NC_001318.1	349000	350000	32
NC_001318.1	350000	351000	30
NC_001318.1	351000	352000	28
NC_001318.1	352000	353000	24
NC_001318.1	353000	354000	26
NC_001318.1	354000	355000	27
NC_001318.1	355000	356000	23
NC_001318.1	356000	357000	24
NC_001318.1	357000	358000	33
NC_001318.1	358000	359000	25
NC_001318.1	359000	360000	28
NC_001318.1	360000	361000	25
NC_001318.1	361000	362000	22
NC_001318.1	362000	363000	24
NC_001318.1	363000	364000	22
NC_001318.1	364000	365000	21
NC_001318.1	365000	366000	24
NC_001318.1	366000	367000	27
NC_001318.1	367000	368000	30
NC_001318.1	368000	369000	26
NC_001318.1	369000	370000	26
NC_001318.1	370000	371000	32
NC_001318.1	371000	372000	22
NC_001318.1	372000	373000	25
NC_001318.1	373000	374000	30
NC_001318.1	374000	375000	27
NC_001318.1	375000	376000	32
NC_001318.1	376000	377000	29
NC_001318.1	377000	378000	24
NC_001318.1	378000	379000	30
NC_001318.1	379000	380000	29
NC_001318.1	380000	381000	31
NC_001318.1	381000	382000	32
NC_001318.1	382000	383000	30
NC_001318.1	383000	384000	28
NC_001318.1	384000	385000	24
NC_001318.1	385000	386000	28
NC_001318.1	386000	387000	33
NC_001318.1	387000	388000	28
NC_001318.1	388000	389000	26
NC_001318.1	389000	390000	31
NC_001318.1	390000	391000	29
NC_001318.1	391000	392000	26
NC_001318.1	392000	393000	32
NC_001318.1	393000	394000	32
NC_001318.1	394000	395000	30
NC_001318.1	395000	396000	27
NC_001318.1	396000	397000	32
NC_001318.1	397000	398000	33
NC_001318.1	398000	399000	31
NC_001318.1	399000	400000	33
NC_001318.1	400000	401000	36
NC_001318.1	401000	402000	34
NC_001318.1	402000	403000	35
NC_001318.1	403000	404000	35
NC_001318.1	404000	405000	30
NC_001318.1	405000	406000	33
NC_001318.1	406000	407000	30
NC_001318.1	407000	408000	33
NC_001318.1	408000	409000	31
NC_001318.1	409000	410000	28
NC_001318.1	410000	411000	21
NC_001318.1	411000	412000	26
NC_001318.1	412000	413000	28
NC_001318.1	413000	414000	24
NC_001318.1	414000	415000	28
NC_001318.1	415000	416000	32
NC_001318.1	416000	417000	22
NC_001318.1	417000	418000	30
NC_001318.1	418000	419000	29
NC_001318.1	419000	420000	34
NC_001318.1	420000	421000	37
NC_001318.1	421000	422000	27
NC_001318.1	422000	423000	26
NC_001318.1	423000	424000	23
NC_001318.1	424000	425000	22
NC_001318.1	425000	426000	26
NC_001318.1	426000	427000	29
NC_001318.1	427000	428000	28
NC_001318.1	428000	429000	27
NC_001318.1	429000	430000	31
NC_001318.1	430000	431000	28
NC_001318.1	431000	432000	28
NC_001318.1	432000	433000	27
NC_001318.1	433000	434000	23
NC_001318.1	434000	435000	25
NC_001318.1	435000	436000	42
NC_001318.1	436000	437000	44
NC_001318.1	437000	438000	42
NC_001318.1	438000	439000	40
NC_001318.1	439000	440000	44
NC_001318.1	440000	441000	44
NC_001318.1	441000	442000	30
NC_001318.1	442000	443000	25
NC_001318.1	443000	444000	28
NC_001318.1	444000	445000	39
NC_001318.1	445000	446000	45
NC_001318.1	446000	447000	29
NC_001318.1	447000	448000	29
NC_001318.1	448000	449000	27
NC_001318.1	449000	450000	24
NC_001318.1	450000	451000	22
NC_001318.1	451000	452000	25
NC_001318.1	452000	453000	30
NC_001318.1	453000	454000	30
NC_001318.1	454000	455000	32
NC_001318.1	455000	456000	31
NC_001318.1	456000	457000	28
NC_001318.1	457000	458000	29
NC_001318.1	458000	459000	23
NC_001318.1	459000	460000	27
NC_001318.1	460000	461000	25
NC_001318.1	461000	462000	29
NC_001318.1	462000	463000	30
NC_001318.1	463000	464000	29
NC_001318.1	464000	465000	32
NC_001318.1	465000	466000	26
NC_001318.1	466000	467000	27
NC_001318.1	467000	468000	26
NC_001318.1	468000	469000	32
NC_001318.1	469000	470000	27
NC_001318.1	470000	471000	26
NC_001318.1	471000	472000	22
NC_001318.1	472000	473000	28
NC_001318.1	473000	474000	25
NC_001318.1	474000	475000	26
NC_001318.1	475000	476000	22
NC_001318.1	476000	477000	27
NC_001318.1	477000	478000	25
NC_001318.1	478000	479000	27
NC_001318.1	479000	480000	28
NC_001318.1	480000	481000	27
NC_001318.1	481000	482000	27
NC_001318.1	482000	483000	34
NC_001318.1	483000	484000	27
NC_001318.1	484000	485000	25
NC_001318.1	485000	486000	27
NC_001318.1	486000	487000	29
NC_001318.1	487000	488000	30
NC_001318.1	488000	489000	26
NC_001318.1	489000	490000	25
NC_001318.1	490000	491000	28
NC_001318.1	491000	492000	35
NC_001318.1	492000	493000	22
NC_001318.1	493000	494000	26
NC_001318.1	494000	495000	21
NC_001318.1	495000	496000	35
NC_001318.1	496000	497000	34
NC_001318.1	497000	498000	32
NC_001318.1	498000	499000	35
NC_001318.1	499000	500000	31
NC_001318.1	500000	501000	36
NC_001318.1	501000	502000	30
NC_001318.1	502000	503000	31
NC_001318.1	503000	504000	30
NC_001318.1	504000	505000	31
NC_001318.1	505000	506000	30
NC_001318.1	506000	507000	29
NC_001318.1	507000	508000	33
NC_001318.1	508000	509000	30
NC_001318.1	509000	510000	29
NC_001318.1	510000	511000	34
NC_001318.1	511000	512000	28
NC_001318.1	512000	513000	23
NC_001318.1	513000	514000	29
NC_001318.1	514000	515000	24
NC_001318.1	515000	516000	29
NC_001318.1	516000	517000	26
NC_001318.1	517000	518000	26
NC_001318.1	518000	519000	25
NC_001318.1	519000	520000	27
NC_001318.1	520000	521000	24
NC_001318.1	521000	522000	25
NC_001318.1	522000	523000	26
NC_001318.1	523000	524000	28
NC_001318.1	524000	525000	32
NC_001318.1	525000	526000	29
NC_001318.1	526000	527000	30
NC_001318.1	527000	528000	28
NC_001318.1	528000	529000	30
NC_001318.1	529000	530000	34
NC_001318.1	530000	531000	35
NC_001318.1	531000	532000	24
NC_001318.1	532000	533000	28
NC_001318.1	533000	534000	25
NC_001318.1	534000	535000	26
NC_001318.1	535000	536000	24
NC_001318.1	536000	537000	25
NC_001318.1	537000	538000	26
NC_001318.1	538000	539000	25
NC_001318.1	539000	540000	28
NC_001318.1	540000	541000	26
NC_001318.1	541000	542000	25
NC_001318.1	542000	543000	28
NC_001318.1	543000	544000	29
NC_001318.1	544000	545000	26
NC_001318.1	545000	546000	28
NC_001318.1	546000	547000	26
NC_001318.1	547000	548000	30
NC_001318.1	548000	549000	27
NC_001318.1	549000	550000	32
NC_001318.1	550000	551000	35
NC_001318.1	551000	552000	31
NC_001318.1	552000	553000	25
NC_001318.1	553000	554000	27
NC_001318.1	554000	555000	30
NC_001318.1	555000	556000	30
NC_001318.1	556000	557000	26
NC_001318.1	557000	558000	24
NC_001318.1	558000	559000	28
NC_001318.1	559000	560000	26
NC_001318.1	560000	561000	27
NC_001318.1	561000	562000	25
NC_001318.1	562000	563000	27
NC_001318.1	563000	564000	29
NC_001318.1	564000	565000	23
NC_001318.1	565000	566000	25
NC_001318.1	566000	567000	22
NC_001318.1	567000	568000	28
NC_001318.1	568000	569000	23
NC_001318.1	569000	570000	29
NC_001318.1	570000	571000	33
NC_001318.1	571000	572000	32
NC_001318.1	572000	573000	28
NC_001318.1	573000	574000	27
NC_001318.1	574000	575000	31
NC_001318.1	575000	576000	27
NC_001318.1	576000	577000	31
NC_001318.1	577000	578000	26
NC_001318.1	578000	579000	30
NC_001318.1	579000	580000	31
NC_001318.1	580000	581000	28
NC_001318.1	581000	582000	31
NC_001318.1	582000	583000	27
NC_001318.1	583000	584000	26
NC_001318.1	584000	585000	27
NC_001318.1	585000	586000	26
NC_001318.1	586000	587000	27
NC_001318.1	587000	588000	21
NC_001318.1	588000	589000	31
NC_001318.1	589000	590000	30
NC_001318.1	590000	591000	24
NC_001318.1	591000	592000	28
NC_001318.1	592000	593000	29
NC_001318.1	593000	594000	32
NC_001318.1	594000	595000	33
NC_001318.1	595000	596000	26
NC_001318.1	596000	597000	28
NC_001318.1	597000	598000	31
NC_001318.1	598000	599000	30
NC_001318.1	599000	600000	24
NC_001318.1	600000	601000	29
NC_001318.1	601000	602000	26
NC_001318.1	602000	603000	29
NC_001318.1	603000	604000	26
NC_001318.1	604000	605000	26
NC_001318.1	605000	606000	27
NC_001318.1	606000	607000	31
NC_001318.1	607000	608000	27
NC_001318.1	608000	609000	30
NC_001318.1	609000	610000	24
NC_001318.1	610000	611000	25
NC_001318.1	611000	612000	21
NC_001318.1	612000	613000	31
NC_001318.1	613000	614000	32
NC_001318.1	614000	615000	29
NC_001318.1	615000	616000	26
NC_001318.1	616000	617000	28
NC_001318.1	617000	618000	27
NC_001318.1	618000	619000	23
NC_001318.1	619000	620000	26
NC_001318.1	620000	621000	27
NC_001318.1	621000	622000	27
NC_001318.1	622000	623000	30
NC_001318.1	623000	624000	26
NC_001318.1	624000	625000	24
NC_001318.1	625000	626000	34
NC_001318.1	626000	627000	27
NC_001318.1	627000	628000	33
NC_001318.1	628000	629000	32
NC_001318.1	629000	630000	29
NC_001318.1	630000	631000	30
NC_001318.1	631000	632000	27
NC_001318.1	632000	633000	30
NC_001318.1	633000	634000	27
NC_001318.1	634000	635000	27
NC_001318.1	635000	636000	30
NC_001318.1	636000	637000	32
NC_001318.1	637000	638000	27
NC_001318.1	638000	639000	33
NC_001318.1	639000	640000	31
NC_001318.1	640000	641000	28
NC_001318.1	641000	642000	33
NC_001318.1	642000	643000	31
NC_001318.1	643000	644000	29
NC_001318.1	644000	645000	25
NC_001318.1	645000	646000	26
NC_001318.1	646000	647000	29
NC_001318.1	647000	648000	26
NC_001318.1	648000	649000	29
NC_001318.1	649000	650000	29
NC_001318.1	650000	651000	25
NC_001318.1	651000	652000	30
NC_001318.1	652000	653000	26
NC_001318.1	653000	654000	23
NC_001318.1	654000	655000	26
NC_001318.1	655000	656000	29
NC_001318.1	656000	657000	31
NC_001318.1	657000	658000	29
NC_001318.1	658000	659000	28
NC_001318.1	659000	660000	30
NC_001318.1	660000	661000	34
NC_001318.1	661000	662000	27
NC_001318.1	662000	663000	30
NC_001318.1	663000	664000	26
NC_001318.1	664000	665000	25
NC_001318.1	665000	666000	23
NC_001318.1	666000	667000	23
NC_001318.1	667000	668000	23
NC_001318.1	668000	669000	24
NC_001318.1	669000	670000	24
NC_001318.1	670000	671000	24
NC_001318.1	671000	672000	22
NC_001318.1	672000	673000	30
NC_001318.1	673000	674000	25
NC_001318.1	674000	675000	28
NC_001318.1	675000	676000	30
NC_001318.1	676000	677000	29
NC_001318.1	677000	678000	27
NC_001318.1	678000	679000	28
NC_001318.1	679000	680000	27
NC_001318.1	680000	681000	30
NC_001318.1	681000	682000	27
NC_001318.1	682000	683000	27
NC_001318.1	683000	684000	32
NC_001318.1	684000	685000	34
NC_001318.1	685000	686000	30
NC_001318.1	686000	687000	24
NC_001318.1	687000	688000	24
NC_001318.1	688000	689000	29
NC_001318.1	689000	690000	35
NC_001318.1	690000	691000	28
NC_001318.1	691000	692000	35
NC_001318.1	692000	693000	28
NC_001318.1	693000	694000	24
NC_001318.1	694000	695000	25
NC_001318.1	695000	696000	25
NC_001318.1	696000	697000	29
NC_001318.1	697000	698000	30
NC_001318.1	698000	699000	27
NC_001318.1	699000	700000	35
NC_001318.1	700000	701000	24
NC_001318.1	701000	702000	28
NC_001318.1	702000	703000	26
NC_001318.1	703000	704000	27
NC_001318.1	704000	705000	26
NC_001318.1	705000	706000	29
NC_001318.1	706000	707000	30
NC_001318.1	707000	708000	25
NC_001318.1	708000	709000	30
NC_001318.1	709000	710000	27
NC_001318.1	710000	711000	31
NC_001318.1	711000	712000	26
NC_001318.1	712000	713000	23
NC_001318.1	713000	714000	26
NC_001318.1	714000	715000	25
NC_001318.1	715000	716000	30
NC_001318.1	716000	717000	29
NC_001318.1	717000	718000	29
NC_001318.1	718000	719000	29
NC_001318.1	719000	720000	32
NC_001318.1	720000	721000	34
NC_001318.1	721000	722000	29
NC_001318.1	722000	723000	34
NC_001318.1	723000	724000	28
NC_001318.1	724000	725000	31
NC_001318.1	725000	726000	28
NC_001318.1	726000	727000	31
NC_001318.1	727000	728000	29
NC_001318.1	728000	729000	30
NC_001318.1	729000	730000	32
NC_001318.1	730000	731000	31
NC_001318.1	731000	732000	28
NC_001318.1	732000	733000	28
NC_001318.1	733000	734000	29
NC_001318.1	734000	735000	29
NC_001318.1	735000	736000	29
NC_001318.1	736000	737000	31
NC_001318.1	737000	738000	32
NC_001318.1	738000	739000	29
NC_001318.1	739000	740000	25
NC_001318.1	740000	741000	28
NC_001318.1	741000	742000	25
NC_001318.1	742000	743000	25
NC_001318.1	743000	744000	25
NC_001318.1	744000	745000	24
NC_001318.1	745000	746000	28
NC_001318.1	746000	747000	28
NC_001318.1	747000	748000	27
NC_001318.1	748000	749000	30
NC_001318.1	749000	750000	33
NC_001318.1	750000	751000	31
NC_001318.1	751000	752000	26
NC_001318.1	752000	753000	34
NC_001318.1	753000	754000	30
NC_001318.1	754000	755000	24
NC_001318.1	755000	756000	32
NC_001318.1	756000	757000	28
NC_001318.1	757000	758000	27
NC_001318.1	758000	759000	32
NC_001318.1	759000	760000	27
NC_001318.1	760000	761000	23
NC_001318.1	761000	762000	24
NC_001318.1	762000	763000	26
NC_001318.1	763000	764000	30
NC_001318.1	764000	765000	29
NC_001318.1	765000	766000	30
NC_001318.1	766000	767000	33
NC_001318.1	767000	768000	30
NC_001318.1	768000	769000	35
NC_001318.1	769000	770000	27
NC_001318.1	770000	771000	29
NC_001318.1	771000	772000	24
NC_001318.1	772000	773000	35
NC_001318.1	773000	774000	31
NC_001318.1	774000	775000	28
NC_001318.1	775000	776000	27
NC_001318.1	776000	777000	30
NC_001318.1	777000	778000	27
NC_001318.1	778000	779000	30
NC_001318.1	779000	780000	33
NC_001318.1	780000	781000	28
NC_001318.1	781000	782000	25
NC_001318.1	782000	783000	23
NC_001318.1	783000	784000	31
NC_001318.1	784000	785000	29
NC_001318.1	785000	786000	29
NC_001318.1	786000	787000	26
NC_001318.1	787000	788000	31
NC_001318.1	788000	789000	28
NC_001318.1	789000	790000	28
NC_001318.1	790000	791000	27
NC_001318.1	791000	792000	25
NC_001318.1	792000	793000	28
NC_001318.1	793000	794000	26
NC_001318.1	794000	795000	25
NC_001318.1	795000	796000	28
NC_001318.1	796000	797000	28
NC_001318.1	797000	798000	27
NC_001318.1	798000	799000	30
NC_001318.1	799000	800000	24
NC_001318.1	800000	801000	30
NC_001318.1	801000	802000	25
NC_001318.1	802000	803000	26
NC_001318.1	803000	804000	26
NC_001318.1	804000	805000	26
NC_001318.1	805000	806000	30
NC_001318.1	806000	807000	24
NC_001318.1	807000	808000	24
NC_001318.1	808000	809000	28
NC_001318.1	809000	810000	26
NC_001318.1	810000	811000	30
NC_001318.1	811000	812000	30
NC_001318.1	812000	813000	26
NC_001318.1	813000	814000	25
NC_001318.1	814000	815000	25
NC_001318.1	815000	816000	28
NC_001318.1	816000	817000	33
NC_001318.1	817000	818000	29
NC_001318.1	818000	819000	30
NC_001318.1	819000	820000	33
NC_001318.1	820000	821000	29
NC_001318.1	821000	822000	23
NC_001318.1	822000	823000	26
NC_001318.1	823000	824000	33
NC_001318.1	824000	825000	29
NC_001318.1	825000	826000	25
NC_001318.1	826000	827000	37
NC_001318.1	827000	828000	32
NC_001318.1	828000	829000	23
NC_001318.1	829000	830000	26
NC_001318.1	830000	831000	24
NC_001318.1	831000	832000	24
NC_001318.1	832000	833000	25
NC_001318.1	833000	834000	23
NC_001318.1	834000	835000	27
NC_001318.1	835000	836000	29
NC_001318.1	836000	837000	26
NC_001318.1	837000	838000	31
NC_001318.1	838000	839000	26
NC_001318.1	839000	840000	25
NC_001318.1	840000	841000	26
NC_001318.1	841000	842000	30
NC_001318.1	842000	843000	24
NC_001318.1	843000	844000	31
NC_001318.1	844000	845000	34
NC_001318.1	845000	846000	33
NC_001318.1	846000	847000	36
NC_001318.1	847000	848000	27
NC_001318.1	848000	849000	27
NC_001318.1	849000	850000	34
NC_001318.1	850000	851000	35
NC_001318.1	851000	852000	25
NC_001318.1	852000	853000	25
NC_001318.1	853000	854000	23
NC_001318.1	854000	855000	27
NC_001318.1	855000	856000	30
NC_001318.1	856000	857000	28
NC_001318.1	857000	858000	26
NC_001318.1	858000	859000	28
NC_001318.1	859000	860000	27
NC_001318.1	860000	861000	25
NC_001318.1	861000	862000	24
NC_001318.1	862000	863000	28
NC_001318.1	863000	864000	28
NC_001318.1	864000	865000	25
NC_001318.1	865000	866000	29
NC_001318.1	866000	867000	26
NC_001318.1	867000	868000	28
NC_001318.1	868000	869000	30
NC_001318.1	869000	870000	21
NC_001318.1	870000	871000	24
NC_001318.1	871000	872000	29
NC_001318.1	872000	873000	30
NC_001318.1	873000	874000	27
NC_001318.1	874000	875000	28
NC_001318.1	875000	876000	26
NC_001318.1	876000	877000	30
NC_001318.1	877000	878000	25
NC_001318.1	878000	879000	23
NC_001318.1	879000	880000	32
NC_001318.1	880000	881000	27
NC_001318.1	881000	882000	27
NC_001318.1	882000	883000	31
NC_001318.1	883000	884000	31
NC_001318.1	884000	885000	26
NC_001318.1	885000	886000	30
NC_001318.1	886000	887000	23
NC_001318.1	887000	888000	28
NC_001318.1	888000	889000	27
NC_001318.1	889000	890000	33
NC_001318.1	890000	891000	28
NC_001318.1	891000	892000	31
NC_001318.1	892000	893000	33
NC_001318.1	893000	894000	29
NC_001318.1	894000	895000	27
NC_001318.1	895000	896000	24
NC_001318.1	896000	897000	24
NC_001318.1	897000	898000	27
NC_001318.1	898000	899000	25
NC_001318.1	899000	900000	24
NC_001318.1	900000	901000	31
NC_001318.1	901000	902000	34
NC_001318.1	902000	903000	33
NC_001318.1	903000	904000	24
NC_001318.1	904000	905000	28
NC_001318.1	905000	906000	21
NC_001318.1	906000	907000	21
NC_001318.1	907000	908000	23
NC_001318.1	908000	909000	23
NC_001318.1	909000	910000	23
NC_001318.1	910000	910724	22
NC_000957.1	0	1000	20
NC_000957.1	1000	2000	24
NC_000957.1	2000	3000	23
NC_000957.1	3000	4000	25
NC_000957.1	4000	5000	23
NC_000957.1	5000	5228	28
NC_001904.1	0	1000	20
NC_001904.1	1000	2000	21
NC_001904.1	2000	3000	22
NC_001904.1	3000	4000	27
NC_001904.1	4000	5000	22
NC_001904.1	5000	6000	21
NC_001904.1	6000	7000	24
NC_001904.1	7000	8000	26
NC_001904.1	8000	9000	26
NC_001904.1	9000	9386	22
NC_001849.2	0	1000	25
NC_001849.2	1000	2000	22
NC_001849.2	2000	3000	23
NC_001849.2	3000	4000	21
NC_001849.2	4000	5000	21
NC_001849.2	5000	6000	22
NC_001849.2	6000	7000	23
NC_001849.2	7000	8000	24
NC_001849.2	8000	9000	23
NC_001849.2	9000	10000	20
NC_001849.2	10000	11000	22
NC_001849.2	11000	12000	25
NC_001849.2	12000	13000	22
NC_001849.2	13000	14000	25
NC_001849.2	14000	15000	24
NC_001849.2	15000	16000	21
NC_001849.2	16000	16821	21
NC_000955.2	0	1000	20
NC_000955.2	1000	2000	24
NC_000955.2	2000	3000	20
NC_000955.2	3000	4000	23
NC_000955.2	4000	5000	18
NC_000955.2	5000	6000	19
NC_000955.2	6000	7000	18
NC_000955.2	7000	8000	19
NC_000955.2	8000	9000	18
NC_000955.2	9000	10000	19
NC_000955.2	10000	11000	19
NC_000955.2	11000	12000	19
NC_000955.2	12000	13000	18
NC_000955.2	13000	14000	18
NC_000955.2	14000	15000	20
NC_000955.2	15000	16000	20
NC_000955.2	16000	17000	24
NC_000955.2	17000	18000	25
NC_000955.2	18000	18777	25
NC_001850.1	0	1000	23
NC_001850.1	1000	2000	23
NC_001850.1	2000	3000	26
NC_001850.1	3000	4000	25
NC_001850.1	4000	5000	21
NC_001850.1	5000	6000	25
NC_001850.1	6000	7000	21
NC_001850.1	7000	8000	24
NC_001850.1	8000	9000	20
NC_001850.1	9000	10000	24
NC_001850.1	10000	11000	23
NC_001850.1	11000	12000	23
NC_001850.1	12000	13000	25
NC_001850.1	13000	14000	20
NC_001850.1	14000	15000	27
NC_001850.1	15000	16000	25
NC_001850.1	16000	17000	22
NC_001850.1	17000	18000	20
NC_001850.1	18000	19000	21
NC_001850.1	19000	20000	23
NC_001850.1	20000	21000	25
NC_001850.1	21000	22000	22
NC_001850.1	22000	23000	22
NC_001850.1	23000	24000	21
NC_001850.1	24000	24177	23
NC_001903.1	0	1000	23
NC_001903.1	1000	2000	25
NC_001903.1	2000	3000	27
NC_001903.1	3000	4000	27
NC_001903.1	4000	5000	28
NC_001903.1	5000	6000	27
NC_001903.1	6000	7000	21
NC_001903.1	7000	8000	25
NC_001903.1	8000	9000	18
NC_001903.1	9000	10000	23
NC_001903.1	10000	11000	20
NC_001903.1	11000	12000	20
NC_001903.1	12000	13000	31
NC_001903.1	13000	14000	25
NC_001903.1	14000	15000	34
NC_001903.1	15000	16000	29
NC_001903.1	16000	17000	25
NC_001903.1	17000	18000	26
NC_001903.1	18000	19000	31
NC_001903.1	19000	20000	28
NC_001903.1	20000	21000	30
NC_001903.1	21000	22000	22
NC_001903.1	22000	23000	23
NC_001903.1	23000	24000	20
NC_001903.1	24000	25000	24
NC_001903.1	25000	26000	36
NC_001903.1	26000	26498	29
NC_001851.2	0	1000	26
NC_001851.2	1000	2000	26
NC_001851.2	2000	3000	25
NC_001851.2	3000	4000	26
NC_001851.2	4000	5000	30
NC_001851.2	5000	6000	20
NC_001851.2	6000	7000	23
NC_001851.2	7000	8000	22
NC_001851.2	8000	9000	24
NC_001851.2	9000	10000	27
NC_001851.2	10000	11000	24
NC_001851.2	11000	12000	24
NC_001851.2	12000	13000	24
NC_001851.2	13000	14000	25
NC_001851.2	14000	15000	22
NC_001851.2	15000	16000	25
NC_001851.2	16000	17000	22
NC_001851.2	17000	18000	22
NC_001851.2	18000	19000	36
NC_001851.2	19000	20000	49
NC_001851.2	20000	21000	49
NC_001851.2	21000	22000	49
NC_001851.2	22000	23000	48
NC_001851.2	23000	24000	50
NC_001851.2	24000	25000	50
NC_001851.2	25000	26000	50
NC_001851.2	26000	27000	39
NC_001851.2	27000	28000	44
NC_001851.2	28000	28155	37
NC_001852.1	0	1000	24
NC_001852.1	1000	2000	26
NC_001852.1	2000	3000	32
NC_001852.1	3000	4000	26
NC_001852.1	4000	5000	22
NC_001852.1	5000	6000	23
NC_001852.1	6000	7000	26
NC_001852.1	7000	8000	27
NC_001852.1	8000	9000	34
NC_001852.1	9000	10000	36
NC_001852.1	10000	11000	38
NC_001852.1	11000	12000	35
NC_001852.1	12000	13000	34
NC_001852.1	13000	14000	32
NC_001852.1	14000	15000	36
NC_001852.1	15000	16000	35
NC_001852.1	16000	17000	32
NC_001852.1	17000	18000	33
NC_001852.1	18000	19000	35
NC_001852.1	19000	20000	36
NC_001852.1	20000	21000	33
NC_001852.1	21000	22000	37
NC_001852.1	22000	23000	32
NC_001852.1	23000	24000	29
NC_001852.1	24000	25000	30
NC_001852.1	25000	26000	34
NC_001852.1	26000	27000	33
NC_001852.1	27000	28000	33
NC_001852.1	28000	29000	28
NC_001852.1	29000	29766	26
NC_001853.1	0	1000	24
NC_001853.1	1000	2000	24
NC_001853.1	2000	3000	26
NC_001853.1	3000	4000	20
NC_001853.1	4000	5000	23
NC_001853.1	5000	6000	24
NC_001853.1	6000	7000	26
NC_001853.1	7000	8000	24
NC_001853.1	8000	9000	22
NC_001853.1	9000	10000	22
NC_001853.1	10000	11000	25
NC_001853.1	11000	12000	27
NC_001853.1	12000	13000	28
NC_001853.1	13000	14000	26
NC_001853.1	14000	15000	26
NC_001853.1	15000	16000	29
NC_001853.1	16000	17000	24
NC_001853.1	17000	18000	22
NC_001853.1	18000	19000	24
NC_001853.1	19000	20000	22
NC_001853.1	20000	21000	22
NC_001853.1	21000	22000	24
NC_001853.1	22000	23000	27
NC_001853.1	23000	24000	27
NC_001853.1	24000	25000	25
NC_001853.1	25000	26000	26
NC_001853.1	26000	27000	20
NC_001853.1	27000	28000	28
NC_001853.1	28000	28601	24
NC_001854.1	0	1000	20
NC_001854.1	1000	2000	24
NC_001854.1	2000	3000	23
NC_001854.1	3000	4000	27
NC_001854.1	4000	5000	24
NC_001854.1	5000	6000	21
NC_001854.1	6000	7000	25
NC_001854.1	7000	8000	27
NC_001854.1	8000	9000	28
NC_001854.1	9000	10000	23
NC_001854.1	10000	11000	23
NC_001854.1	11000	12000	21
NC_001854.1	12000	13000	26
NC_001854.1	13000	14000	23
NC_001854.1	14000	15000	23
NC_001854.1	15000	16000	22
NC_001854.1	16000	17000	19
NC_001854.1	17000	18000	27
NC_001854.1	18000	19000	25
NC_001854.1	19000	20000	26
NC_001854.1	20000	21000	26
NC_001854.1	21000	22000	25
NC_001854.1	22000	23000	25
NC_001854.1	23000	24000	25
NC_001854.1	24000	25000	24
NC_001854.1	25000	26000	21
NC_001854.1	26000	27000	28
NC_001854.1	27000	27323	24
NC_000948.1	0	1000	30
NC_000948.1	1000	2000	32
NC_000948.1	2000	3000	35
NC_000948.1	3000	4000	33
NC_000948.1	4000	5000	33
NC_000948.1	5000	6000	32
NC_000948.1	6000	7000	30
NC_000948.1	7000	8000	32
NC_000948.1	8000	9000	29
NC_000948.1	9000	10000	35
NC_000948.1	10000	11000	29
NC_000948.1	11000	12000	32
NC_000948.1	12000	13000	26
NC_000948.1	13000	14000	29
NC_000948.1	14000	15000	30
NC_000948.1	15000	16000	28
NC_000948.1	16000	17000	29
NC_000948.1	17000	18000	29
NC_000948.1	18000	19000	27
NC_000948.1	19000	20000	23
NC_000948.1	20000	21000	26
NC_000948.1	21000	22000	24
NC_000948.1	22000	23000	23
NC_000948.1	23000	24000	28
NC_000948.1	24000	25000	27
NC_000948.1	25000	26000	26
NC_000948.1	26000	27000	27
NC_000948.1	27000	28000	30
NC_000948.1	28000	29000	25
NC_000948.1	29000	30000	28
NC_000948.1	30000	30750	31
NC_000949.1	0	1000	29
NC_000949.1	1000	2000	32
NC_000949.1	2000	3000	36
NC_000949.1	3000	4000	33
NC_000949.1	4000	5000	33
NC_000949.1	5000	6000	33
NC_000949.1	6000	7000	30
NC_000949.1	7000	8000	32
NC_000949.1	8000	9000	29
NC_000949.1	9000	10000	35
NC_000949.1	10000	11000	28
NC_000949.1	11000	12000	32
NC_000949.1	12000	13000	26
NC_000949.1	13000	14000	29
NC_000949.1	14000	15000	30
NC_000949.1	15000	16000	28
NC_000949.1	16000	17000	24
NC_000949.1	17000	18000	25
NC_000949.1	18000	19000	30
NC_000949.1	19000	20000	24
NC_000949.1	20000	21000	23
NC_000949.1	21000	22000	24
NC_000949.1	22000	23000	21
NC_000949.1	23000	24000	23
NC_000949.1	24000	25000	28
NC_000949.1	25000	26000	27
NC_000949.1	26000	27000	27
NC_000949.1	27000	28000	25
NC_000949.1	28000	29000	27
NC_000949.1	29000	30000	30
NC_000949.1	30000	30223	31
NC_000950.1	0	1000	29
NC_000950.1	1000	2000	34
NC_000950.1	2000	3000	33
NC_000950.1	3000	4000	34
NC_000950.1	4000	5000	33
NC_000950.1	5000	6000	32
NC_000950.1	6000	7000	30
NC_000950.1	7000	8000	32
NC_000950.1	8000	9000	29
NC_000950.1	9000	10000	34
NC_000950.1	10000	11000	31
NC_000950.1	11000	12000	31
NC_000950.1	12000	13000	27
NC_000950.1	13000	14000	30
NC_000950.1	14000	15000	30
NC_000950.1	15000	16000	27
NC_000950.1	16000	17000	27
NC_000950.1	17000	18000	28
NC_000950.1	18000	19000	27
NC_000950.1	19000	20000	22
NC_000950.1	20000	21000	25
NC_000950.1	21000	22000	23
NC_000950.1	22000	23000	22
NC_000950.1	23000	24000	28
NC_000950.1	24000	25000	28
NC_000950.1	25000	26000	25
NC_000950.1	26000	27000	28
NC_000950.1	27000	28000	26
NC_000950.1	28000	29000	29
NC_000950.1	29000	30000	30
NC_000950.1	30000	30299	32
NC_000951.1	0	1000	29
NC_000951.1	1000	2000	32
NC_000951.1	2000	3000	33
NC_000951.1	3000	4000	34
NC_000951.1	4000	5000	33
NC_000951.1	5000	6000	33
NC_000951.1	6000	7000	30
NC_000951.1	7000	8000	31
NC_000951.1	8000	9000	29
NC_000951.1	9000	10000	36
NC_000951.1	10000	11000	29
NC_000951.1	11000	12000	32
NC_000951.1	12000	13000	27
NC_000951.1	13000	14000	30
NC_000951.1	14000	15000	30
NC_000951.1	15000	16000	28
NC_000951.1	16000	17000	28
NC_000951.1	17000	18000	27
NC_000951.1	18000	19000	26
NC_000951.1	19000	20000	22
NC_000951.1	20000	21000	26
NC_000951.1	21000	22000	25
NC_000951.1	22000	23000	22
NC_000951.1	23000	24000	28
NC_000951.1	24000	25000	28
NC_000951.1	25000	26000	26
NC_000951.1	26000	27000	30
NC_000951.1	27000	28000	25
NC_000951.1	28000	29000	29
NC_000951.1	29000	29838	32
NC_000952.1	0	1000	28
NC_000952.1	1000	2000	32
NC_000952.1	2000	3000	36
NC_000952.1	3000	4000	33
NC_000952.1	4000	5000	32
NC_000952.1	5000	6000	34
NC_000952.1	6000	7000	30
NC_000952.1	7000	8000	31
NC_000952.1	8000	9000	29
NC_000952.1	9000	10000	33
NC_000952.1	10000	11000	30
NC_000952.1	11000	12000	30
NC_000952.1	12000	13000	26
NC_000952.1	13000	14000	29
NC_000952.1	14000	15000	30
NC_000952.1	15000	16000	28
NC_000952.1	16000	17000	26
NC_000952.1	17000	18000	29
NC_000952.1	18000	19000	27
NC_000952.1	19000	20000	22
NC_000952.1	20000	21000	26
NC_000952.1	21000	22000	25
NC_000952.1	22000	23000	19
NC_000952.1	23000	24000	27
NC_000952.1	24000	25000	28
NC_000952.1	25000	26000	26
NC_000952.1	26000	27000	27
NC_000952.1	27000	28000	29
NC_000952.1	28000	29000	25
NC_000952.1	29000	30000	29
NC_000952.1	30000	30800	31
NC_000953.1	0	1000	30
NC_000953.1	1000	2000	32
NC_000953.1	2000	3000	35
NC_000953.1	3000	4000	33
NC_000953.1	4000	5000	33
NC_000953.1	5000	6000	32
NC_000953.1	6000	7000	30
NC_000953.1	7000	8000	32
NC_000953.1	8000	9000	29
NC_000953.1	9000	10000	35
NC_000953.1	10000	11000	29
NC_000953.1	11000	12000	32
NC_000953.1	12000	13000	26
NC_000953.1	13000	14000	29
NC_000953.1	14000	15000	30
NC_000953.1	15000	16000	28
NC_000953.1	16000	17000	26
NC_000953.1	17000	18000	29
NC_000953.1	18000	19000	26
NC_000953.1	19000	20000	22
NC_000953.1	20000	21000	26
NC_000953.1	21000	22000	23
NC_000953.1	22000	23000	21
NC_000953.1	23000	24000	26
NC_000953.1	24000	25000	28
NC_000953.1	25000	26000	26
NC_000953.1	26000	27000	27
NC_000953.1	27000	28000	31
NC_000953.1	28000	29000	23
NC_000953.1	29000	30000	29
NC_000953.1	30000	30885	31
NC_000954.1	0	1000	30
NC_000954.1	1000	2000	32
NC_000954.1	2000	3000	33
NC_000954.1	3000	4000	34
NC_000954.1	4000	5000	33
NC_000954.1	5000	6000	32
NC_000954.1	6000	7000	30
NC_000954.1	7000	8000	32
NC_000954.1	8000	9000	29
NC_000954.1	9000	10000	36
NC_000954.1	10000	11000	30
NC_000954.1	11000	12000	31
NC_000954.1	12000	13000	27
NC_000954.1	13000	14000	29
NC_000954.1	14000	15000	30
NC_000954.1	15000	16000	29
NC_000954.1	16000	17000	26
NC_000954.1	17000	18000	31
NC_000954.1	18000	19000	27
NC_000954.1	19000	20000	22
NC_000954.1	20000	21000	26
NC_000954.1	21000	22000	23
NC_000954.1	22000	23000	22
NC_000954.1	23000	24000	27
NC_000954.1	24000	25000	28
NC_000954.1	25000	26000	25
NC_000954.1	26000	27000	28
NC_000954.1	27000	28000	30
NC_000954.1	28000	29000	26
NC_000954.1	29000	30000	27
NC_000954.1	30000	30651	32
NC_001855.1	0	1000	24
NC_001855.1	1000	2000	27
NC_001855.1	2000	3000	30
NC_001855.1	3000	4000	26
NC_001855.1	4000	5000	24
NC_001855.1	5000	6000	30
NC_001855.1	6000	7000	24
NC_001855.1	7000	8000	29
NC_001855.1	8000	9000	28
NC_001855.1	9000	10000	23
NC_001855.1	10000	11000	28
NC_001855.1	11000	12000	28
NC_001855.1	12000	13000	22
NC_001855.1	13000	14000	25
NC_001855.1	14000	15000	23
NC_001855.1	15000	16000	24
NC_001855.1	16000	17000	21
NC_001855.1	17000	18000	23
NC_001855.1	18000	19000	23
NC_001855.1	19000	20000	27
NC_001855.1	20000	21000	27
NC_001855.1	21000	22000	26
NC_001855.1	22000	23000	24
NC_001855.1	23000	24000	31
NC_001855.1	24000	25000	34
NC_001855.1	25000	26000	29
NC_001855.1	26000	27000	29
NC_001855.1	27000	28000	29
NC_001855.1	28000	29000	28
NC_001855.1	29000	30000	30
NC_001855.1	30000	31000	26
NC_001855.1	31000	32000	29
NC_001855.1	32000	33000	26
NC_001855.1	33000	34000	30
NC_001855.1	34000	35000	21
NC_001855.1	35000	36000	26
NC_001855.1	36000	36849	27
NC_001856.1	0	1000	26
NC_001856.1	1000	2000	27
NC_001856.1	2000	3000	26
NC_001856.1	3000	4000	22
NC_001856.1	4000	5000	26
NC_001856.1	5000	6000	25
NC_001856.1	6000	7000	26
NC_001856.1	7000	8000	27
NC_001856.1	8000	9000	23
NC_001856.1	9000	10000	20
NC_001856.1	10000	11000	22
NC_001856.1	11000	12000	23
NC_001856.1	12000	13000	22
NC_001856.1	13000	14000	22
NC_001856.1	14000	15000	23
NC_001856.1	15000	16000	21
NC_001856.1	16000	17000	25
NC_001856.1	17000	18000	27
NC_001856.1	18000	19000	28
NC_001856.1	19000	20000	29
NC_001856.1	20000	21000	30
NC_001856.1	21000	22000	24
NC_001856.1	22000	23000	25
NC_001856.1	23000	24000	30
NC_001856.1	24000	25000	26
NC_001856.1	25000	26000	29
NC_001856.1	26000	27000	27
NC_001856.1	27000	28000	33
NC_001856.1	28000	29000	29
NC_001856.1	29000	30000	24
NC_001856.1	30000	31000	24
NC_001856.1	31000	32000	25
NC_001856.1	32000	33000	28
NC_001856.1	33000	34000	25
NC_001856.1	34000	35000	24
NC_001856.1	35000	36000	26
NC_001856.1	36000	37000	21
NC_001856.1	37000	38000	30
NC_001856.1	38000	38829	28
NC_001857.2	0	1000	24
NC_001857.2	1000	2000	26
NC_001857.2	2000	3000	29
NC_001857.2	3000	4000	32
NC_001857.2	4000	5000	25
NC_001857.2	5000	6000	23
NC_001857.2	6000	7000	29
NC_001857.2	7000	8000	29
NC_001857.2	8000	9000	29
NC_001857.2	9000	10000	28
NC_001857.2	10000	11000	32
NC_001857.2	11000	12000	24
NC_001857.2	12000	13000	22
NC_001857.2	13000	14000	28
NC_001857.2	14000	15000	26
NC_001857.2	15000	16000	25
NC_001857.2	16000	17000	30
NC_001857.2	17000	18000	27
NC_001857.2	18000	19000	26
NC_001857.2	19000	20000	32
NC_001857.2	20000	21000	18
NC_001857.2	21000	22000	26
NC_001857.2	22000	23000	32
NC_001857.2	23000	24000	30
NC_001857.2	24000	25000	28
NC_001857.2	25000	26000	25
NC_001857.2	26000	27000	30
NC_001857.2	27000	28000	30
NC_001857.2	28000	29000	31
NC_001857.2	29000	30000	25
NC_001857.2	30000	31000	29
NC_001857.2	31000	32000	32
NC_001857.2	32000	33000	31
NC_001857.2	33000	34000	28
NC_001857.2	34000	35000	31
NC_001857.2	35000	36000	28
NC_001857.2	36000	37000	29
NC_001857.2	37000	38000	32
NC_001857.2	38000	39000	30
NC_001857.2	39000	40000	28
NC_001857.2	40000	41000	27
NC_001857.2	41000	42000	25
NC_001857.2	42000	43000	26
NC_001857.2	43000	44000	28
NC_001857.2	44000	45000	28
NC_001857.2	45000	46000	33
NC_001857.2	46000	47000	23
NC_001857.2	47000	48000	25
NC_001857.2	48000	49000	25
NC_001857.2	49000	50000	29
NC_001857.2	50000	51000	27
NC_001857.2	51000	52000	22
NC_001857.2	52000	53000	32
NC_001857.2	53000	53657	28
NC_000956.1	0	1000	25
NC_000956.1	1000	2000	27
NC_000956.1	2000	3000	22
NC_000956.1	3000	4000	30
NC_000956.1	4000	5000	26
NC_000956.1	5000	6000	23
NC_000956.1	6000	7000	28
NC_000956.1	7000	8000	32
NC_000956.1	8000	9000	33
NC_000956.1	9000	10000	30
NC_000956.1	10000	11000	30
NC_000956.1	11000	12000	31
NC_000956.1	12000	13000	31
NC_000956.1	13000	14000	32
NC_000956.1	14000	15000	31
NC_000956.1	15000	16000	29
NC_000956.1	16000	17000	29
NC_000956.1	17000	18000	29
NC_000956.1	18000	19000	28
NC_000956.1	19000	20000	28
NC_000956.1	20000	21000	25
NC_000956.1	21000	22000	26
NC_000956.1	22000	23000	25
NC_000956.1	23000	24000	23
NC_000956.1	24000	25000	27
NC_000956.1	25000	26000	23
NC_000956.1	26000	27000	21
NC_000956.1	27000	28000	28
NC_000956.1	28000	29000	27
NC_000956.1	29000	30000	27
NC_000956.1	30000	31000	30
NC_000956.1	31000	32000	24
NC_000956.1	32000	33000	30
NC_000956.1	33000	34000	30
NC_000956.1	34000	35000	31
NC_000956.1	35000	36000	31
NC_000956.1	36000	37000	34
NC_000956.1	37000	38000	22
NC_000956.1	38000	39000	35
NC_000956.1	39000	40000	32
NC_000956.1	40000	41000	25
NC_000956.1	41000	42000	25
NC_000956.1	42000	43000	24
NC_000956.1	43000	44000	23
NC_000956.1	44000	45000	21
NC_000956.1	45000	46000	22
NC_000956.1	46000	47000	22
NC_000956.1	47000	48000	25
NC_000956.1	48000	49000	24
NC_000956.1	49000	50000	21
NC_000956.1	50000	51000	22
NC_000956.1	51000	52000	23
NC_000956.1	52000	52971	24
