NC_001857.2	0	1000	228
NC_001857.2	1000	47000	0
NC_001857.2	47000	48000	6
NC_001857.2	48000	49000	0
NC_001857.2	49000	50000	22
NC_001857.2	50000	1522000	0
NC_000949.1	0	11000	0
NC_000949.1	11000	12000	141
NC_000949.1	12000	15000	0
NC_000949.1	15000	16000	99
NC_000949.1	16000	1522000	0
NC_000954.1	0	12000	0
NC_000954.1	12000	13000	67
NC_000954.1	13000	26000	0
NC_000954.1	26000	27000	31
NC_000954.1	27000	1522000	0
NC_001856.1	0	1000	246
NC_001856.1	1000	23000	0
NC_001856.1	23000	24000	84
NC_001856.1	24000	29000	0
NC_001856.1	29000	30000	112
NC_001856.1	30000	1522000	0
NC_001903.1	0	1000	29
NC_001903.1	1000	3000	0
NC_001903.1	3000	4000	142
NC_001903.1	4000	5000	187
NC_001903.1	5000	1522000	0
NC_001850.1	0	6000	0
NC_001850.1	6000	7000	185
NC_001850.1	7000	19000	0
NC_001850.1	19000	20000	108
NC_001850.1	20000	1522000	0
NC_000955.2	0	1000	0
NC_000955.2	1000	2000	52
NC_000955.2	2000	14000	0
NC_000955.2	14000	15000	1
NC_000955.2	15000	1522000	0
NC_000951.1	0	1000	826
NC_000951.1	1000	2000	169
NC_000951.1	2000	3000	211
NC_000951.1	3000	17000	0
NC_000951.1	17000	18000	105
NC_000951.1	18000	19000	364
NC_000951.1	19000	23000	0
NC_000951.1	23000	24000	80
NC_000951.1	24000	1522000	0
NC_001853.1	0	1000	0
NC_001853.1	1000	2000	2
NC_001853.1	2000	3000	35
NC_001853.1	3000	4000	0
NC_001853.1	4000	5000	308
NC_001853.1	5000	6000	72
NC_001853.1	6000	1522000	0
NC_000950.1	0	3000	0
NC_000950.1	3000	4000	38
NC_000950.1	4000	14000	0
NC_000950.1	14000	15000	18
NC_000950.1	15000	16000	16
NC_000950.1	16000	21000	0
NC_000950.1	21000	22000	16
NC_000950.1	22000	23000	14
NC_000950.1	23000	1522000	0
NC_001849.2	0	1000	1
NC_001849.2	1000	2000	0
NC_001849.2	2000	3000	15
NC_001849.2	3000	4000	0
NC_001849.2	4000	5000	146
NC_001849.2	5000	6000	21
NC_001849.2	6000	13000	0
NC_001849.2	13000	14000	31
NC_001849.2	14000	1522000	0
NC_000956.1	0	18000	0
NC_000956.1	18000	19000	19
NC_000956.1	19000	25000	0
NC_000956.1	25000	26000	231
NC_000956.1	26000	27000	263
NC_000956.1	27000	31000	0
NC_000956.1	31000	32000	341
NC_000956.1	32000	33000	316
NC_000956.1	33000	1522000	0
NC_001855.1	0	1000	7
NC_001855.1	1000	3000	0
NC_001855.1	3000	4000	12
NC_001855.1	4000	5000	0
NC_001855.1	5000	6000	6
NC_001855.1	6000	7000	105
NC_001855.1	7000	34000	0
NC_001855.1	34000	35000	13
NC_001855.1	35000	1522000	0
NC_001318.1	0	1000	240
NC_001318.1	1000	2000	290
NC_001318.1	2000	3000	309
NC_001318.1	3000	4000	302
NC_001318.1	4000	5000	306
NC_001318.1	5000	6000	292
NC_001318.1	6000	7000	312
NC_001318.1	7000	8000	296
NC_001318.1	8000	9000	300
NC_001318.1	9000	10000	296
NC_001318.1	10000	11000	284
NC_001318.1	11000	12000	291
NC_001318.1	12000	13000	288
NC_001318.1	13000	14000	285
NC_001318.1	14000	15000	279
NC_001318.1	15000	16000	306
NC_001318.1	16000	17000	71
NC_001318.1	17000	903000	0
NC_001318.1	903000	904000	27
NC_001318.1	904000	1522000	0
NC_001854.1	0	1000	0
NC_001854.1	1000	2000	251
NC_001854.1	2000	25000	0
NC_001854.1	25000	26000	3
NC_001854.1	26000	1522000	0
NC_001851.2	0	1000	5
NC_001851.2	1000	5000	0
NC_001851.2	5000	6000	12
NC_001851.2	6000	12000	0
NC_001851.2	12000	13000	130
NC_001851.2	13000	1522000	0
NC_000953.1	0	5000	0
NC_000953.1	5000	6000	125
NC_000953.1	6000	7000	199
NC_000953.1	7000	12000	0
NC_000953.1	12000	13000	227
NC_000953.1	13000	15000	0
NC_000953.1	15000	16000	110
NC_000953.1	16000	18000	0
NC_000953.1	18000	19000	126
NC_000953.1	19000	1522000	0
NC_001852.1	0	1000	64
NC_001852.1	1000	2000	0
NC_001852.1	2000	3000	68
NC_001852.1	3000	4000	64
NC_001852.1	4000	7000	0
NC_001852.1	7000	8000	186
NC_001852.1	8000	9000	242
NC_001852.1	9000	10000	132
NC_001852.1	10000	18000	0
NC_001852.1	18000	19000	26
NC_001852.1	19000	20000	306
NC_001852.1	20000	21000	7
NC_001852.1	21000	1522000	0
NC_000952.1	0	17000	0
NC_000952.1	17000	18000	295
NC_000952.1	18000	19000	34
NC_000952.1	19000	22000	0
NC_000952.1	22000	23000	110
NC_000952.1	23000	1522000	0
NC_000948.1	0	18000	0
NC_000948.1	18000	19000	97
NC_000948.1	19000	1522000	0
NC_001904.1	0	6000	0
NC_001904.1	6000	7000	28
NC_001904.1	7000	8000	14
NC_001904.1	8000	1522000	0
