NC_001857.2	0	1000	84
NC_001857.2	1000	16000	0
NC_001857.2	16000	17000	120
NC_001857.2	17000	49000	0
NC_001857.2	49000	50000	23
NC_001857.2	50000	1522000	0
NC_000956.1	0	1000	94
NC_000956.1	1000	18000	0
NC_000956.1	18000	19000	54
NC_000956.1	19000	25000	0
NC_000956.1	25000	26000	1
NC_000956.1	26000	27000	87
NC_000956.1	27000	1522000	0
NC_000954.1	0	1000	230
NC_000954.1	1000	22000	0
NC_000954.1	22000	23000	15
NC_000954.1	23000	28000	0
NC_000954.1	28000	29000	76
NC_000954.1	29000	1522000	0
NC_001849.2	0	2000	0
NC_001849.2	2000	3000	16
NC_001849.2	3000	4000	1
NC_001849.2	4000	5000	148
NC_001849.2	5000	15000	0
NC_001849.2	15000	16000	20
NC_001849.2	16000	1522000	0
NC_001850.1	0	1000	280
NC_001850.1	1000	9000	0
NC_001850.1	9000	10000	30
NC_001850.1	10000	1522000	0
NC_000951.1	0	25000	0
NC_000951.1	25000	26000	99
NC_000951.1	26000	27000	15
NC_000951.1	27000	1522000	0
NC_001853.1	0	1000	119
NC_001853.1	1000	1522000	0
NC_000950.1	0	1000	250
NC_000950.1	1000	15000	0
NC_000950.1	15000	16000	20
NC_000950.1	16000	18000	0
NC_000950.1	18000	19000	118
NC_000950.1	19000	21000	0
NC_000950.1	21000	22000	11
NC_000950.1	22000	23000	101
NC_000950.1	23000	1522000	0
NC_000957.1	0	1000	0
NC_000957.1	1000	2000	60
NC_000957.1	2000	1522000	0
NC_000949.1	0	1000	224
NC_000949.1	1000	15000	0
NC_000949.1	15000	16000	61
NC_000949.1	16000	18000	0
NC_000949.1	18000	19000	25
NC_000949.1	19000	20000	64
NC_000949.1	20000	23000	0
NC_000949.1	23000	24000	85
NC_000949.1	24000	27000	0
NC_000949.1	27000	28000	10
NC_000949.1	28000	29000	76
NC_000949.1	29000	1522000	0
NC_001903.1	0	1000	335
NC_001903.1	1000	2000	13
NC_001903.1	2000	1522000	0
NC_001318.1	0	1000	270
NC_001318.1	1000	2000	285
NC_001318.1	2000	3000	314
NC_001318.1	3000	4000	238
NC_001318.1	4000	5000	269
NC_001318.1	5000	6000	293
NC_001318.1	6000	7000	322
NC_001318.1	7000	8000	292
NC_001318.1	8000	9000	313
NC_001318.1	9000	10000	294
NC_001318.1	10000	11000	255
NC_001318.1	11000	12000	289
NC_001318.1	12000	13000	286
NC_001318.1	13000	14000	292
NC_001318.1	14000	15000	295
NC_001318.1	15000	16000	287
NC_001318.1	16000	17000	93
NC_001318.1	17000	1522000	0
NC_001854.1	0	1000	5
NC_001854.1	1000	2000	39
NC_001854.1	2000	3000	162
NC_001854.1	3000	26000	0
NC_001854.1	26000	27000	17
NC_001854.1	27000	1522000	0
NC_001851.2	0	9000	0
NC_001851.2	9000	10000	12
NC_001851.2	10000	11000	6
NC_001851.2	11000	1522000	0
NC_001855.1	0	1000	18
NC_001855.1	1000	3000	0
NC_001855.1	3000	4000	57
NC_001855.1	4000	19000	0
NC_001855.1	19000	20000	15
NC_001855.1	20000	1522000	0
NC_001904.1	0	1000	122
NC_001904.1	1000	1522000	0
NC_000952.1	0	1000	1219
NC_000952.1	1000	2000	430
NC_000952.1	2000	1522000	0
NC_001852.1	0	1000	34
NC_001852.1	1000	2000	0
NC_001852.1	2000	3000	53
NC_001852.1	3000	4000	39
NC_001852.1	4000	8000	0
NC_001852.1	8000	9000	2
NC_001852.1	9000	10000	69
NC_001852.1	10000	18000	0
NC_001852.1	18000	19000	22
NC_001852.1	19000	1522000	0
