NC_001853.1	0	1000	0
NC_001853.1	1000	2000	7
NC_001853.1	2000	3000	7
NC_001853.1	3000	4000	6
NC_001853.1	4000	6000	0
NC_001853.1	6000	7000	22
NC_001853.1	7000	10000	0
NC_001853.1	10000	11000	16
NC_001853.1	11000	14000	0
NC_001853.1	14000	15000	2
NC_001853.1	15000	17000	0
NC_001853.1	17000	18000	10
NC_001853.1	18000	19000	0
NC_001853.1	19000	20000	7
NC_001853.1	20000	23000	0
NC_001853.1	23000	24000	6
NC_001853.1	24000	26000	0
NC_001853.1	26000	27000	6
NC_001853.1	27000	1522000	0
NC_000949.1	0	1000	493
NC_000949.1	1000	15000	0
NC_000949.1	15000	16000	35
NC_000949.1	16000	1522000	0
NC_001855.1	0	1000	23
NC_001855.1	1000	3000	0
NC_001855.1	3000	4000	19
NC_001855.1	4000	7000	0
NC_001855.1	7000	8000	65
NC_001855.1	8000	9000	3
NC_001855.1	9000	1522000	0
NC_001318.1	0	1000	14
NC_001318.1	1000	2000	0
NC_001318.1	2000	3000	16
NC_001318.1	3000	4000	173
NC_001318.1	4000	5000	292
NC_001318.1	5000	6000	322
NC_001318.1	6000	7000	292
NC_001318.1	7000	8000	112
NC_001318.1	8000	9000	192
NC_001318.1	9000	120000	0
NC_001318.1	120000	121000	35
NC_001318.1	121000	258000	0
NC_001318.1	258000	259000	34
NC_001318.1	259000	260000	4
NC_001318.1	260000	261000	0
NC_001318.1	261000	262000	2
NC_001318.1	262000	263000	25
NC_001318.1	263000	271000	0
NC_001318.1	271000	272000	9
NC_001318.1	272000	273000	14
NC_001318.1	273000	278000	0
NC_001318.1	278000	279000	44
NC_001318.1	279000	288000	0
NC_001318.1	288000	289000	25
NC_001318.1	289000	290000	0
NC_001318.1	290000	291000	6
NC_001318.1	291000	292000	13
NC_001318.1	292000	295000	0
NC_001318.1	295000	296000	26
NC_001318.1	296000	301000	0
NC_001318.1	301000	302000	1
NC_001318.1	302000	303000	26
NC_001318.1	303000	304000	156
NC_001318.1	304000	342000	0
NC_001318.1	342000	343000	13
NC_001318.1	343000	347000	0
NC_001318.1	347000	348000	17
NC_001318.1	348000	349000	0
NC_001318.1	349000	350000	23
NC_001318.1	350000	351000	321
NC_001318.1	351000	352000	297
NC_001318.1	352000	353000	173
NC_001318.1	353000	511000	0
NC_001318.1	511000	512000	8
NC_001318.1	512000	514000	0
NC_001318.1	514000	515000	1
NC_001318.1	515000	516000	13
NC_001318.1	516000	520000	0
NC_001318.1	520000	521000	7
NC_001318.1	521000	522000	0
NC_001318.1	522000	523000	13
NC_001318.1	523000	525000	0
NC_001318.1	525000	526000	12
NC_001318.1	526000	530000	0
NC_001318.1	530000	531000	12
NC_001318.1	531000	532000	0
NC_001318.1	532000	533000	105
NC_001318.1	533000	534000	245
NC_001318.1	534000	614000	0
NC_001318.1	614000	615000	9
NC_001318.1	615000	616000	0
NC_001318.1	616000	617000	22
NC_001318.1	617000	622000	0
NC_001318.1	622000	623000	5
NC_001318.1	623000	624000	25
NC_001318.1	624000	628000	0
NC_001318.1	628000	629000	26
NC_001318.1	629000	633000	0
NC_001318.1	633000	634000	1
NC_001318.1	634000	635000	210
NC_001318.1	635000	636000	297
NC_001318.1	636000	637000	310
NC_001318.1	637000	638000	280
NC_001318.1	638000	639000	211
NC_001318.1	639000	703000	0
NC_001318.1	703000	704000	8
NC_001318.1	704000	725000	0
NC_001318.1	725000	726000	8
NC_001318.1	726000	885000	0
NC_001318.1	885000	886000	46
NC_001318.1	886000	891000	0
NC_001318.1	891000	892000	19
NC_001318.1	892000	894000	0
NC_001318.1	894000	895000	15
NC_001318.1	895000	896000	56
NC_001318.1	896000	897000	13
NC_001318.1	897000	898000	0
NC_001318.1	898000	899000	44
NC_001318.1	899000	900000	14
NC_001318.1	900000	903000	0
NC_001318.1	903000	904000	8
NC_001318.1	904000	905000	0
NC_001318.1	905000	906000	2
NC_001318.1	906000	1522000	0
NC_001854.1	0	1000	0
NC_001854.1	1000	2000	12
NC_001854.1	2000	7000	0
NC_001854.1	7000	8000	29
NC_001854.1	8000	9000	141
NC_001854.1	9000	25000	0
NC_001854.1	25000	26000	1
NC_001854.1	26000	27000	18
NC_001854.1	27000	1522000	0
NC_001904.1	0	1000	90
NC_001904.1	1000	1522000	0
NC_000948.1	0	11000	0
NC_000948.1	11000	12000	3
NC_000948.1	12000	16000	0
NC_000948.1	16000	17000	21
NC_000948.1	17000	1522000	0
NC_001857.2	0	1000	26
NC_001857.2	1000	4000	0
NC_001857.2	4000	5000	7
NC_001857.2	5000	6000	17
NC_001857.2	6000	11000	0
NC_001857.2	11000	12000	88
NC_001857.2	12000	18000	0
NC_001857.2	18000	19000	11
NC_001857.2	19000	20000	0
NC_001857.2	20000	21000	25
NC_001857.2	21000	27000	0
NC_001857.2	27000	28000	48
NC_001857.2	28000	46000	0
NC_001857.2	46000	47000	13
NC_001857.2	47000	49000	0
NC_001857.2	49000	50000	15
NC_001857.2	50000	1522000	0
NC_001856.1	0	1000	10
NC_001856.1	1000	2000	224
NC_001856.1	2000	3000	18
NC_001856.1	3000	33000	0
NC_001856.1	33000	34000	50
NC_001856.1	34000	1522000	0
NC_000951.1	0	1000	354
NC_000951.1	1000	2000	16
NC_000951.1	2000	10000	0
NC_000951.1	10000	11000	17
NC_000951.1	11000	22000	0
NC_000951.1	22000	23000	128
NC_000951.1	23000	24000	0
NC_000951.1	24000	25000	2
NC_000951.1	25000	26000	4
NC_000951.1	26000	1522000	0
NC_000950.1	0	18000	0
NC_000950.1	18000	19000	38
NC_000950.1	19000	1522000	0
NC_001850.1	0	2000	0
NC_001850.1	2000	3000	110
NC_001850.1	3000	23000	0
NC_001850.1	23000	24000	2
NC_001850.1	24000	1522000	0
NC_000956.1	0	1000	90
NC_000956.1	1000	10000	0
NC_000956.1	10000	11000	3
NC_000956.1	11000	15000	0
NC_000956.1	15000	16000	78
NC_000956.1	16000	18000	0
NC_000956.1	18000	19000	27
NC_000956.1	19000	31000	0
NC_000956.1	31000	32000	72
NC_000956.1	32000	33000	41
NC_000956.1	33000	50000	0
NC_000956.1	50000	51000	15
NC_000956.1	51000	52000	0
NC_000956.1	52000	53000	5
NC_000956.1	53000	1522000	0
NC_001903.1	0	1000	92
NC_001903.1	1000	2000	157
NC_001903.1	2000	3000	221
NC_001903.1	3000	8000	0
NC_001903.1	8000	9000	81
NC_001903.1	9000	10000	33
NC_001903.1	10000	17000	0
NC_001903.1	17000	18000	73
NC_001903.1	18000	1522000	0
NC_001851.2	0	1000	68
NC_001851.2	1000	1522000	0
NC_001852.1	0	1000	9
NC_001852.1	1000	2000	16
NC_001852.1	2000	3000	86
NC_001852.1	3000	4000	45
NC_001852.1	4000	8000	0
NC_001852.1	8000	9000	4
NC_001852.1	9000	10000	172
NC_001852.1	10000	11000	493
NC_001852.1	11000	28000	0
NC_001852.1	28000	29000	37
NC_001852.1	29000	30000	14
NC_001852.1	30000	1522000	0
NC_000957.1	0	1000	1
NC_000957.1	1000	2000	25
NC_000957.1	2000	1522000	0
NC_000954.1	0	3000	0
NC_000954.1	3000	4000	133
NC_000954.1	4000	5000	38
NC_000954.1	5000	10000	0
NC_000954.1	10000	11000	213
NC_000954.1	11000	12000	35
NC_000954.1	12000	17000	0
NC_000954.1	17000	18000	12
NC_000954.1	18000	1522000	0
NC_000955.2	0	2000	0
NC_000955.2	2000	3000	6
NC_000955.2	3000	4000	19
NC_000955.2	4000	5000	40
NC_000955.2	5000	6000	31
NC_000955.2	6000	7000	5
NC_000955.2	7000	8000	73
NC_000955.2	8000	9000	6
NC_000955.2	9000	10000	0
NC_000955.2	10000	11000	83
NC_000955.2	11000	12000	17
NC_000955.2	12000	13000	0
NC_000955.2	13000	14000	33
NC_000955.2	14000	15000	26
NC_000955.2	15000	18000	0
NC_000955.2	18000	19000	7
NC_000955.2	19000	1522000	0
NC_001849.2	0	3000	0
NC_001849.2	3000	4000	158
NC_001849.2	4000	5000	128
NC_001849.2	5000	10000	0
NC_001849.2	10000	11000	13
NC_001849.2	11000	13000	0
NC_001849.2	13000	14000	9
NC_001849.2	14000	15000	0
NC_001849.2	15000	16000	16
NC_001849.2	16000	17000	11
NC_001849.2	17000	1522000	0
NC_000953.1	0	1000	110
NC_000953.1	1000	5000	0
NC_000953.1	5000	6000	108
NC_000953.1	6000	10000	0
NC_000953.1	10000	11000	83
NC_000953.1	11000	15000	0
NC_000953.1	15000	16000	26
NC_000953.1	16000	17000	13
NC_000953.1	17000	18000	6
NC_000953.1	18000	19000	235
NC_000953.1	19000	20000	0
NC_000953.1	20000	21000	16
NC_000953.1	21000	26000	0
NC_000953.1	26000	27000	21
NC_000953.1	27000	28000	91
NC_000953.1	28000	1522000	0
NC_000952.1	0	4000	0
NC_000952.1	4000	5000	33
NC_000952.1	5000	6000	2
NC_000952.1	6000	10000	0
NC_000952.1	10000	11000	57
NC_000952.1	11000	15000	0
NC_000952.1	15000	16000	13
NC_000952.1	16000	22000	0
NC_000952.1	22000	23000	26
NC_000952.1	23000	24000	66
NC_000952.1	24000	26000	0
NC_000952.1	26000	27000	4
NC_000952.1	27000	1522000	0
