NC_001857.2	0	1000	250
NC_001857.2	1000	2000	13
NC_001857.2	2000	1522000	0
NC_000949.1	0	1000	76
NC_000949.1	1000	17000	0
NC_000949.1	17000	18000	30
NC_000949.1	18000	1522000	0
NC_000954.1	0	1000	17
NC_000954.1	1000	13000	0
NC_000954.1	13000	14000	28
NC_000954.1	14000	20000	0
NC_000954.1	20000	21000	30
NC_000954.1	21000	1522000	0
NC_001856.1	0	1000	90
NC_001856.1	1000	33000	0
NC_001856.1	33000	34000	8
NC_001856.1	34000	38000	0
NC_001856.1	38000	39000	6
NC_001856.1	39000	1522000	0
NC_001903.1	0	1000	1
NC_001903.1	1000	3000	0
NC_001903.1	3000	4000	176
NC_001903.1	4000	1522000	0
NC_001850.1	0	1000	75
NC_001850.1	1000	1522000	0
NC_000951.1	0	20000	0
NC_000951.1	20000	21000	71
NC_000951.1	21000	22000	52
NC_000951.1	22000	1522000	0
NC_001853.1	0	1000	10
NC_001853.1	1000	6000	0
NC_001853.1	6000	7000	4
NC_001853.1	7000	10000	0
NC_001853.1	10000	11000	10
NC_001853.1	11000	27000	0
NC_001853.1	27000	28000	2
NC_001853.1	28000	1522000	0
NC_000950.1	0	1000	29
NC_000950.1	1000	10000	0
NC_000950.1	10000	11000	24
NC_000950.1	11000	12000	196
NC_000950.1	12000	13000	11
NC_000950.1	13000	1522000	0
NC_001849.2	0	1000	0
NC_001849.2	1000	2000	2
NC_001849.2	2000	3000	1
NC_001849.2	3000	4000	0
NC_001849.2	4000	5000	81
NC_001849.2	5000	10000	0
NC_001849.2	10000	11000	2
NC_001849.2	11000	13000	0
NC_001849.2	13000	14000	1
NC_001849.2	14000	1522000	0
NC_000956.1	0	31000	0
NC_000956.1	31000	32000	69
NC_000956.1	32000	33000	62
NC_000956.1	33000	34000	27
NC_000956.1	34000	1522000	0
NC_001855.1	0	1000	102
NC_001855.1	1000	36000	0
NC_001855.1	36000	37000	6
NC_001855.1	37000	1522000	0
NC_000957.1	0	1000	0
NC_000957.1	1000	2000	14
NC_000957.1	2000	3000	0
NC_000957.1	3000	4000	1
NC_000957.1	4000	1522000	0
NC_001318.1	0	1000	267
NC_001318.1	1000	2000	279
NC_001318.1	2000	3000	289
NC_001318.1	3000	4000	272
NC_001318.1	4000	5000	273
NC_001318.1	5000	6000	251
NC_001318.1	6000	7000	270
NC_001318.1	7000	8000	273
NC_001318.1	8000	9000	179
NC_001318.1	9000	901000	0
NC_001318.1	901000	902000	32
NC_001318.1	902000	1522000	0
NC_001854.1	0	1000	83
NC_001854.1	1000	1522000	0
NC_001851.2	0	1000	5
NC_001851.2	1000	5000	0
NC_001851.2	5000	6000	13
NC_001851.2	6000	9000	0
NC_001851.2	9000	10000	9
NC_001851.2	10000	15000	0
NC_001851.2	15000	16000	3
NC_001851.2	16000	17000	4
NC_001851.2	17000	18000	51
NC_001851.2	18000	26000	0
NC_001851.2	26000	27000	5
NC_001851.2	27000	1522000	0
NC_000953.1	0	1000	0
NC_000953.1	1000	2000	116
NC_000953.1	2000	3000	205
NC_000953.1	3000	11000	0
NC_000953.1	11000	12000	109
NC_000953.1	12000	13000	126
NC_000953.1	13000	22000	0
NC_000953.1	22000	23000	141
NC_000953.1	23000	28000	0
NC_000953.1	28000	29000	43
NC_000953.1	29000	30000	35
NC_000953.1	30000	1522000	0
NC_001852.1	0	1000	5
NC_001852.1	1000	2000	0
NC_001852.1	2000	3000	34
NC_001852.1	3000	1522000	0
NC_000952.1	0	1000	218
NC_000952.1	1000	2000	459
NC_000952.1	2000	3000	102
NC_000952.1	3000	16000	0
NC_000952.1	16000	17000	65
NC_000952.1	17000	18000	157
NC_000952.1	18000	1522000	0
NC_000948.1	0	1000	0
NC_000948.1	1000	2000	31
NC_000948.1	2000	3000	216
NC_000948.1	3000	18000	0
NC_000948.1	18000	19000	125
NC_000948.1	19000	1522000	0
