NC_001857.2	0	1000	251
NC_001857.2	1000	2000	12
NC_001857.2	2000	1522000	0
NC_000949.1	0	1000	37
NC_000949.1	1000	1522000	0
NC_000954.1	0	1000	15
NC_000954.1	1000	13000	0
NC_000954.1	13000	14000	56
NC_000954.1	14000	1522000	0
NC_001856.1	0	1000	89
NC_001856.1	1000	38000	0
NC_001856.1	38000	39000	3
NC_001856.1	39000	1522000	0
NC_001849.2	0	1000	0
NC_001849.2	1000	2000	2
NC_001849.2	2000	3000	1
NC_001849.2	3000	4000	0
NC_001849.2	4000	5000	81
NC_001849.2	5000	10000	0
NC_001849.2	10000	11000	2
NC_001849.2	11000	1522000	0
NC_000951.1	0	16000	0
NC_000951.1	16000	17000	167
NC_000951.1	17000	27000	0
NC_000951.1	27000	28000	44
NC_000951.1	28000	1522000	0
NC_001853.1	0	1000	24
NC_001853.1	1000	1522000	0
NC_000950.1	0	1000	28
NC_000950.1	1000	10000	0
NC_000950.1	10000	11000	232
NC_000950.1	11000	1522000	0
NC_000956.1	0	26000	0
NC_000956.1	26000	27000	67
NC_000956.1	27000	1522000	0
NC_001903.1	0	1000	174
NC_001903.1	1000	1522000	0
NC_001318.1	0	1000	181
NC_001318.1	1000	2000	240
NC_001318.1	2000	169000	0
NC_001318.1	169000	170000	81
NC_001318.1	170000	171000	74
NC_001318.1	171000	220000	0
NC_001318.1	220000	221000	257
NC_001318.1	221000	222000	270
NC_001318.1	222000	223000	30
NC_001318.1	223000	441000	0
NC_001318.1	441000	442000	110
NC_001318.1	442000	443000	248
NC_001318.1	443000	444000	153
NC_001318.1	444000	632000	0
NC_001318.1	632000	633000	42
NC_001318.1	633000	643000	0
NC_001318.1	643000	644000	173
NC_001318.1	644000	645000	266
NC_001318.1	645000	646000	45
NC_001318.1	646000	823000	0
NC_001318.1	823000	824000	187
NC_001318.1	824000	825000	31
NC_001318.1	825000	901000	0
NC_001318.1	901000	902000	35
NC_001318.1	902000	1522000	0
NC_001854.1	0	1000	64
NC_001854.1	1000	2000	108
NC_001854.1	2000	1522000	0
NC_001851.2	0	1000	5
NC_001851.2	1000	5000	0
NC_001851.2	5000	6000	13
NC_001851.2	6000	9000	0
NC_001851.2	9000	10000	9
NC_001851.2	10000	15000	0
NC_001851.2	15000	16000	3
NC_001851.2	16000	17000	4
NC_001851.2	17000	1522000	0
NC_001855.1	0	1000	113
NC_001855.1	1000	35000	0
NC_001855.1	35000	36000	4
NC_001855.1	36000	1522000	0
NC_000953.1	0	1000	641
NC_000953.1	1000	2000	134
NC_000953.1	2000	1522000	0
NC_001852.1	0	1000	23
NC_001852.1	1000	2000	0
NC_001852.1	2000	3000	68
NC_001852.1	3000	1522000	0
NC_000952.1	0	1000	475
NC_000952.1	1000	16000	0
NC_000952.1	16000	17000	13
NC_000952.1	17000	18000	151
NC_000952.1	18000	1522000	0
NC_000948.1	0	1000	161
NC_000948.1	1000	22000	0
NC_000948.1	22000	23000	234
NC_000948.1	23000	24000	279
NC_000948.1	24000	26000	0
NC_000948.1	26000	27000	52
NC_000948.1	27000	1522000	0
