NC_001857.2	0	1000	70
NC_001857.2	1000	11000	0
NC_001857.2	11000	12000	280
NC_001857.2	12000	49000	0
NC_001857.2	49000	50000	21
NC_001857.2	50000	1522000	0
NC_000956.1	0	18000	0
NC_000956.1	18000	19000	15
NC_000956.1	19000	20000	1
NC_000956.1	20000	22000	0
NC_000956.1	22000	23000	166
NC_000956.1	23000	24000	185
NC_000956.1	24000	26000	0
NC_000956.1	26000	27000	126
NC_000956.1	27000	31000	0
NC_000956.1	31000	32000	73
NC_000956.1	32000	33000	105
NC_000956.1	33000	50000	0
NC_000956.1	50000	51000	15
NC_000956.1	51000	52000	0
NC_000956.1	52000	53000	6
NC_000956.1	53000	1522000	0
NC_000954.1	0	19000	0
NC_000954.1	19000	20000	232
NC_000954.1	20000	1522000	0
NC_001849.2	0	4000	0
NC_001849.2	4000	5000	147
NC_001849.2	5000	15000	0
NC_001849.2	15000	16000	19
NC_001849.2	16000	1522000	0
NC_001850.1	0	1000	136
NC_001850.1	1000	1522000	0
NC_000949.1	0	10000	0
NC_000949.1	10000	11000	320
NC_000949.1	11000	12000	4
NC_000949.1	12000	17000	0
NC_000949.1	17000	18000	7
NC_000949.1	18000	27000	0
NC_000949.1	27000	28000	14
NC_000949.1	28000	1522000	0
NC_001903.1	0	1000	225
NC_001903.1	1000	17000	0
NC_001903.1	17000	18000	105
NC_001903.1	18000	1522000	0
NC_001318.1	0	1000	276
NC_001318.1	1000	2000	292
NC_001318.1	2000	3000	306
NC_001318.1	3000	4000	290
NC_001318.1	4000	5000	208
NC_001318.1	5000	6000	291
NC_001318.1	6000	7000	322
NC_001318.1	7000	8000	295
NC_001318.1	8000	9000	317
NC_001318.1	9000	10000	297
NC_001318.1	10000	11000	274
NC_001318.1	11000	12000	268
NC_001318.1	12000	13000	308
NC_001318.1	13000	14000	304
NC_001318.1	14000	15000	284
NC_001318.1	15000	16000	273
NC_001318.1	16000	17000	276
NC_001318.1	17000	1522000	0
NC_001854.1	0	1000	0
NC_001854.1	1000	2000	28
NC_001854.1	2000	7000	0
NC_001854.1	7000	8000	30
NC_001854.1	8000	9000	148
NC_001854.1	9000	25000	0
NC_001854.1	25000	26000	1
NC_001854.1	26000	1522000	0
NC_001851.2	0	9000	0
NC_001851.2	9000	10000	12
NC_001851.2	10000	11000	7
NC_001851.2	11000	1522000	0
NC_001855.1	0	1000	13
NC_001855.1	1000	3000	0
NC_001855.1	3000	4000	65
NC_001855.1	4000	5000	23
NC_001855.1	5000	19000	0
NC_001855.1	19000	20000	10
NC_001855.1	20000	1522000	0
NC_000953.1	0	1000	400
NC_000953.1	1000	2000	43
NC_000953.1	2000	3000	0
NC_000953.1	3000	4000	209
NC_000953.1	4000	15000	0
NC_000953.1	15000	16000	109
NC_000953.1	16000	1522000	0
NC_001852.1	0	3000	0
NC_001852.1	3000	4000	35
NC_001852.1	4000	1522000	0
NC_000952.1	0	1000	640
NC_000952.1	1000	2000	64
NC_000952.1	2000	10000	0
NC_000952.1	10000	11000	178
NC_000952.1	11000	18000	0
NC_000952.1	18000	19000	8
NC_000952.1	19000	20000	277
NC_000952.1	20000	1522000	0
