NC_001857.2	0	1000	41
NC_001857.2	1000	16000	0
NC_001857.2	16000	17000	116
NC_001857.2	17000	49000	0
NC_001857.2	49000	50000	17
NC_001857.2	50000	1522000	0
NC_000949.1	0	1000	20
NC_000949.1	1000	16000	0
NC_000949.1	16000	17000	31
NC_000949.1	17000	1522000	0
NC_000954.1	0	1000	294
NC_000954.1	1000	17000	0
NC_000954.1	17000	18000	17
NC_000954.1	18000	22000	0
NC_000954.1	22000	23000	149
NC_000954.1	23000	24000	10
NC_000954.1	24000	1522000	0
NC_000951.1	0	1000	0
NC_000951.1	1000	2000	293
NC_000951.1	2000	12000	0
NC_000951.1	12000	13000	94
NC_000951.1	13000	1522000	0
NC_001849.2	0	1000	73
NC_001849.2	1000	3000	0
NC_001849.2	3000	4000	1
NC_001849.2	4000	5000	156
NC_001849.2	5000	15000	0
NC_001849.2	15000	16000	20
NC_001849.2	16000	1522000	0
NC_001850.1	0	1000	128
NC_001850.1	1000	9000	0
NC_001850.1	9000	10000	30
NC_001850.1	10000	1522000	0
NC_001853.1	0	1000	80
NC_001853.1	1000	1522000	0
NC_000955.2	0	16000	0
NC_000955.2	16000	17000	7
NC_000955.2	17000	1522000	0
NC_001903.1	0	1000	345
NC_001903.1	1000	2000	12
NC_001903.1	2000	23000	0
NC_001903.1	23000	24000	16
NC_001903.1	24000	1522000	0
NC_000956.1	0	19000	0
NC_000956.1	19000	20000	16
NC_000956.1	20000	24000	0
NC_000956.1	24000	25000	27
NC_000956.1	25000	26000	0
NC_000956.1	26000	27000	101
NC_000956.1	27000	31000	0
NC_000956.1	31000	32000	141
NC_000956.1	32000	33000	181
NC_000956.1	33000	51000	0
NC_000956.1	51000	52000	37
NC_000956.1	52000	53000	6
NC_000956.1	53000	1522000	0
NC_001855.1	0	1000	16
NC_001855.1	1000	7000	0
NC_001855.1	7000	8000	68
NC_001855.1	8000	9000	12
NC_001855.1	9000	34000	0
NC_001855.1	34000	35000	11
NC_001855.1	35000	1522000	0
NC_001318.1	0	1000	258
NC_001318.1	1000	2000	293
NC_001318.1	2000	3000	301
NC_001318.1	3000	4000	208
NC_001318.1	4000	5000	294
NC_001318.1	5000	6000	286
NC_001318.1	6000	7000	332
NC_001318.1	7000	8000	296
NC_001318.1	8000	9000	313
NC_001318.1	9000	10000	289
NC_001318.1	10000	11000	274
NC_001318.1	11000	12000	292
NC_001318.1	12000	13000	276
NC_001318.1	13000	14000	289
NC_001318.1	14000	15000	281
NC_001318.1	15000	16000	298
NC_001318.1	16000	17000	74
NC_001318.1	17000	1522000	0
NC_001854.1	0	1000	0
NC_001854.1	1000	2000	84
NC_001854.1	2000	3000	94
NC_001854.1	3000	26000	0
NC_001854.1	26000	27000	10
NC_001854.1	27000	1522000	0
NC_001851.2	0	1000	91
NC_001851.2	1000	5000	0
NC_001851.2	5000	6000	19
NC_001851.2	6000	9000	0
NC_001851.2	9000	10000	13
NC_001851.2	10000	11000	6
NC_001851.2	11000	1522000	0
NC_001852.1	0	1000	38
NC_001852.1	1000	2000	0
NC_001852.1	2000	3000	53
NC_001852.1	3000	4000	19
NC_001852.1	4000	28000	0
NC_001852.1	28000	29000	42
NC_001852.1	29000	30000	17
NC_001852.1	30000	1522000	0
NC_000952.1	0	10000	0
NC_000952.1	10000	11000	5
NC_000952.1	11000	20000	0
NC_000952.1	20000	21000	4
NC_000952.1	21000	28000	0
NC_000952.1	28000	29000	5
NC_000952.1	29000	1522000	0
NC_000957.1	0	1000	2
NC_000957.1	1000	1522000	0
NC_001904.1	0	2000	0
NC_001904.1	2000	3000	18
NC_001904.1	3000	4000	0
NC_001904.1	4000	5000	55
NC_001904.1	5000	6000	0
NC_001904.1	6000	7000	26
NC_001904.1	7000	8000	12
NC_001904.1	8000	1522000	0
