NC_001857.2	0	1000	44
NC_001857.2	1000	16000	0
NC_001857.2	16000	17000	118
NC_001857.2	17000	49000	0
NC_001857.2	49000	50000	26
NC_001857.2	50000	1522000	0
NC_000949.1	0	1000	139
NC_000949.1	1000	4000	0
NC_000949.1	4000	5000	12
NC_000949.1	5000	16000	0
NC_000949.1	16000	17000	16
NC_000949.1	17000	19000	0
NC_000949.1	19000	20000	189
NC_000949.1	20000	28000	0
NC_000949.1	28000	29000	31
NC_000949.1	29000	1522000	0
NC_000954.1	0	1000	238
NC_000954.1	1000	10000	0
NC_000954.1	10000	11000	77
NC_000954.1	11000	15000	0
NC_000954.1	15000	16000	23
NC_000954.1	16000	20000	0
NC_000954.1	20000	21000	115
NC_000954.1	21000	22000	1
NC_000954.1	22000	28000	0
NC_000954.1	28000	29000	13
NC_000954.1	29000	30000	25
NC_000954.1	30000	1522000	0
NC_001853.1	0	1000	86
NC_001853.1	1000	1522000	0
NC_001850.1	0	1000	148
NC_001850.1	1000	9000	0
NC_001850.1	9000	10000	31
NC_001850.1	10000	1522000	0
NC_000951.1	0	2000	0
NC_000951.1	2000	3000	24
NC_000951.1	3000	6000	0
NC_000951.1	6000	7000	33
NC_000951.1	7000	12000	0
NC_000951.1	12000	13000	32
NC_000951.1	13000	1522000	0
NC_000955.2	0	1000	30
NC_000955.2	1000	8000	0
NC_000955.2	8000	9000	4
NC_000955.2	9000	12000	0
NC_000955.2	12000	13000	26
NC_000955.2	13000	14000	77
NC_000955.2	14000	15000	25
NC_000955.2	15000	16000	0
NC_000955.2	16000	17000	15
NC_000955.2	17000	1522000	0
NC_001903.1	0	1000	309
NC_001903.1	1000	18000	0
NC_001903.1	18000	19000	20
NC_001903.1	19000	20000	0
NC_001903.1	20000	21000	31
NC_001903.1	21000	1522000	0
NC_000950.1	0	1000	325
NC_000950.1	1000	6000	0
NC_000950.1	6000	7000	29
NC_000950.1	7000	8000	71
NC_000950.1	8000	10000	0
NC_000950.1	10000	11000	94
NC_000950.1	11000	16000	0
NC_000950.1	16000	17000	6
NC_000950.1	17000	26000	0
NC_000950.1	26000	27000	5
NC_000950.1	27000	1522000	0
NC_001849.2	0	3000	0
NC_001849.2	3000	4000	1
NC_001849.2	4000	5000	116
NC_001849.2	5000	10000	0
NC_001849.2	10000	11000	36
NC_001849.2	11000	15000	0
NC_001849.2	15000	16000	19
NC_001849.2	16000	1522000	0
NC_000956.1	0	18000	0
NC_000956.1	18000	19000	58
NC_000956.1	19000	25000	0
NC_000956.1	25000	26000	86
NC_000956.1	26000	27000	115
NC_000956.1	27000	29000	0
NC_000956.1	29000	30000	119
NC_000956.1	30000	31000	0
NC_000956.1	31000	32000	71
NC_000956.1	32000	33000	10
NC_000956.1	33000	50000	0
NC_000956.1	50000	51000	14
NC_000956.1	51000	1522000	0
NC_001855.1	0	1000	23
NC_001855.1	1000	3000	0
NC_001855.1	3000	4000	53
NC_001855.1	4000	5000	2
NC_001855.1	5000	19000	0
NC_001855.1	19000	20000	13
NC_001855.1	20000	21000	0
NC_001855.1	21000	22000	12
NC_001855.1	22000	34000	0
NC_001855.1	34000	35000	10
NC_001855.1	35000	36000	17
NC_001855.1	36000	1522000	0
NC_001318.1	0	1000	238
NC_001318.1	1000	2000	284
NC_001318.1	2000	3000	308
NC_001318.1	3000	4000	192
NC_001318.1	4000	5000	295
NC_001318.1	5000	6000	301
NC_001318.1	6000	7000	293
NC_001318.1	7000	8000	311
NC_001318.1	8000	9000	283
NC_001318.1	9000	10000	260
NC_001318.1	10000	11000	290
NC_001318.1	11000	12000	276
NC_001318.1	12000	13000	294
NC_001318.1	13000	14000	284
NC_001318.1	14000	15000	280
NC_001318.1	15000	16000	125
NC_001318.1	16000	903000	0
NC_001318.1	903000	904000	5
NC_001318.1	904000	1522000	0
NC_001854.1	0	1000	0
NC_001854.1	1000	2000	86
NC_001854.1	2000	3000	126
NC_001854.1	3000	26000	0
NC_001854.1	26000	27000	13
NC_001854.1	27000	1522000	0
NC_001851.2	0	1000	14
NC_001851.2	1000	5000	0
NC_001851.2	5000	6000	8
NC_001851.2	6000	9000	0
NC_001851.2	9000	10000	11
NC_001851.2	10000	11000	6
NC_001851.2	11000	12000	24
NC_001851.2	12000	13000	42
NC_001851.2	13000	1522000	0
NC_000953.1	0	15000	0
NC_000953.1	15000	16000	67
NC_000953.1	16000	17000	12
NC_000953.1	17000	18000	69
NC_000953.1	18000	19000	78
NC_000953.1	19000	20000	0
NC_000953.1	20000	21000	165
NC_000953.1	21000	22000	0
NC_000953.1	22000	23000	74
NC_000953.1	23000	24000	82
NC_000953.1	24000	1522000	0
NC_001852.1	0	1000	35
NC_001852.1	1000	2000	0
NC_001852.1	2000	3000	53
NC_001852.1	3000	7000	0
NC_001852.1	7000	8000	194
NC_001852.1	8000	9000	249
NC_001852.1	9000	1522000	0
NC_000952.1	0	1000	391
NC_000952.1	1000	2000	215
NC_000952.1	2000	7000	0
NC_000952.1	7000	8000	36
NC_000952.1	8000	11000	0
NC_000952.1	11000	12000	24
NC_000952.1	12000	16000	0
NC_000952.1	16000	17000	11
NC_000952.1	17000	22000	0
NC_000952.1	22000	23000	5
NC_000952.1	23000	28000	0
NC_000952.1	28000	29000	5
NC_000952.1	29000	1522000	0
NC_000948.1	0	18000	0
NC_000948.1	18000	19000	157
NC_000948.1	19000	20000	64
NC_000948.1	20000	1522000	0
