NC_001853.1
27578 28601
NC_000949.1
1 30223
NC_001855.1
2198 3807
17088 19301
23198 36849
NC_001318.1
435179 438423
905068 905331
907025 910724
NC_001854.1
1 1626
24149 25238
25878 26168
NC_001904.1
1 217
2662 2815
5840 6051
9331 9386
NC_000948.1
1 30750
NC_001857.2
15805 16073
46465 47130
48399 49356
NC_001856.1
1 30312
30314 30402
30404 38829
NC_000951.1
9400 27856
NC_000950.1
9401 15142
16431 17565
22194 30299
NC_001850.1
1 2439
2441 3600
3602 6063
6065 9452
10843 21222
21238 21834
21838 24177
NC_000956.1
2393 18688
20230 20556
24574 26681
33808 50243
50807 52971
NC_001903.1
17146 17453
NC_001851.2
1 1666
2110 9848
10523 28155
NC_001852.1
4118 8845
8935 9742
23728 29766
NC_000957.1
1 1151
2952 4529
4531 5228
NC_000954.1
9414 30651
NC_000955.2
3673 3733
3883 3945
4188 4676
4944 5006
5390 5450
6169 6229
6516 6641
7099 7222
7476 7599
8037 8158
8293 8479
9043 9103
9532 9655
9846 9906
10623 10811
11538 11661
12850 12910
13056 13105
14414 14576
NC_001849.2
1 3996
10187 10427
15332 15431
NC_000953.1
1 17199
22946 30885
NC_000952.1
1 22778
26604 30800
