NC_001853.1
1 1554
27407 28601
NC_000949.1
1 23278
NC_001855.1
2198 3759
23198 36849
NC_001318.1
1 1133
2336 2563
87464 87676
170773 170990
228858 229184
641325 641632
643038 643295
672391 672513
822794 823398
882530 882794
905027 905351
908925 910724
NC_001854.1
1 1626
7338 7877
24149 25238
25878 27323
NC_001904.1
1 9386
NC_000948.1
1 30750
NC_001857.2
15805 16084
46465 47112
47393 49143
NC_001856.1
1 30312
30314 30402
30404 38829
NC_000951.1
1 25747
NC_000950.1
9401 30299
NC_001850.1
6327 21222
21238 21834
21838 24177
NC_000956.1
2393 18623
20230 26653
29429 30102
30207 52971
NC_001903.1
NC_001851.2
1 1666
2110 9848
10523 28155
NC_001852.1
1 3152
4118 9742
18084 29766
NC_000957.1
1 4529
4531 5228
NC_000954.1
1 17043
17329 28520
NC_000955.2
1 18777
NC_001849.2
1 2130
2677 3996
15332 15431
NC_000953.1
1 30885
NC_000952.1
9957 10320
17312 17704
20828 30800
