NC_001853.1
1 12884
12886 27273
27275 28601
NC_000949.1
1 30223
NC_001855.1
1 36849
NC_001318.1
75718 77114
219643 220391
391871 393573
417740 419399
474090 474645
608162 608438
652910 655032
702249 703676
777271 777673
793508 794467
905027 905351
908925 910724
NC_001854.1
1 27323
NC_001904.1
1 9386
NC_000948.1
1 30750
NC_001857.2
1 177
48363 49337
51633 53657
NC_001856.1
1 30312
30314 30402
30404 38829
NC_000951.1
1 29838
NC_000950.1
1 30299
NC_001850.1
1 2439
2441 3600
3602 6063
6065 21222
21238 21834
21838 24177
NC_000956.1
1 48601
49004 52971
NC_001903.1
17146 18742
NC_001851.2
1 28155
NC_001852.1
1 29766
NC_000957.1
1 4529
4531 5228
NC_000954.1
1 30651
NC_000955.2
1 18777
NC_001849.2
1 4005
15332 15431
NC_000953.1
1 30885
NC_000952.1
1 30800
