NC_001853.1
1 1641
26626 27273
27275 28601
NC_000949.1
1 15529
16107 21387
21932 30223
NC_001855.1
1 74
2198 3807
17088 19301
23198 36405
NC_001318.1
1 50
905068 905197
NC_001854.1
1 1626
7338 7902
24149 25238
25878 27323
NC_001904.1
1 9386
NC_000948.1
1 20830
21738 26720
27256 30750
NC_001857.2
15805 16073
46465 47130
48387 49337
NC_001856.1
1 30312
30314 30402
30404 38829
NC_000951.1
1 717
1299 17389
20086 20805
21718 29838
NC_000950.1
9406 15142
16431 17565
22194 26958
27492 30299
NC_001850.1
1 2439
2441 3600
3602 6063
6065 9452
10810 21222
21238 21834
21838 24177
NC_000956.1
1 2876
2989 24978
25497 26280
29892 31816
34182 52971
NC_001903.1
NC_001851.2
1 390
1643 5404
5758 11926
15551 28155
NC_001852.1
1 1051
2104 2291
4118 8845
8935 9742
23728 29766
NC_000957.1
1 4529
4531 5228
NC_000954.1
1 6217
6758 20883
22055 30651
NC_000955.2
1 1179
1426 2523
3631 14964
15242 15761
16278 17194
NC_001849.2
1 2130
2677 3996
10187 10427
15332 15431
NC_000953.1
1 540
6082 12459
14391 15141
16871 20804
21528 28283
28892 30885
NC_000952.1
1 8369
9092 14397
15223 20132
22884 28208
28805 30800
