NC_001857.2	0	1000	273
NC_001857.2	1000	1522000	0
NC_001849.2	0	1000	0
NC_001849.2	1000	2000	6
NC_001849.2	2000	4000	0
NC_001849.2	4000	5000	79
NC_001849.2	5000	10000	0
NC_001849.2	10000	11000	21
NC_001849.2	11000	1522000	0
NC_001318.1	0	1000	141
NC_001318.1	1000	2000	275
NC_001318.1	2000	3000	356
NC_001318.1	3000	4000	237
NC_001318.1	4000	5000	309
NC_001318.1	5000	6000	275
NC_001318.1	6000	7000	254
NC_001318.1	7000	8000	249
NC_001318.1	8000	9000	269
NC_001318.1	9000	10000	273
NC_001318.1	10000	11000	217
NC_001318.1	11000	1522000	0
NC_001854.1	0	1000	15
NC_001854.1	1000	1522000	0
NC_001903.1	0	1000	294
NC_001903.1	1000	1522000	0
