NC_001853.1
26125 27273
27275 28601
NC_000949.1
1 27016
28103 28169
NC_001855.1
2198 7749
23198 36849
NC_001318.1
1 66
955 1283
219789 219877
436130 437396
439341 440662
636375 636548
822579 823705
905027 905351
908925 910724
NC_001854.1
1 1626
24149 25238
25878 27323
NC_001904.1
1 203
5840 6910
NC_000948.1
1 30750
NC_001857.2
15805 16084
46465 47112
47445 49337
NC_001856.1
1 30312
30314 30402
30404 38829
NC_000951.1
1 27823
NC_000950.1
9401 15142
16426 21804
22166 22247
25815 30299
NC_001850.1
1 245
6327 21222
21238 21834
21838 24177
NC_000956.1
6585 18623
20230 26221
26704 36933
50807 52971
NC_001903.1
NC_001851.2
1 90
1668 28155
NC_001852.1
1 3152
4118 28949
NC_000957.1
1 4529
4531 5228
NC_000954.1
9453 17064
17369 22454
23132 28548
NC_000955.2
1 16189
16553 18777
NC_001849.2
1 3996
15332 15431
NC_000953.1
1 15124
20796 23153
26456 28069
NC_000952.1
14774 30800
